119 -635726.11804 86.61189 1.01427e-06 1.97155e-02 3.42703e-02 1250
167 -634242.07544 86.27356 2.15217e-06 8.31938e-02 3.46218e-02 1700
120 -634226.46850 86.46689 1.46211e-06 1.06609e-01 3.44044e-02 1200
335 -632607.83562 86.22523 2.29509e-06 1.14960e-01 3.47227e-02 3500
127 -635277.58482 86.12856 2.12278e-06 8.27711e-02 3.46086e-02 1300
156 -635787.34955 85.79024 1.95296e-06 7.49005e-02 3.43979e-02 1500
153 -635136.37220 85.69357 1.45073e-06 1.06639e-01 3.45486e-02 1450
106 -635282.86097 86.22523 1.01513e-06 1.99249e-02 3.46233e-02 1050
193 -638682.29751 82.98695 9.77864e-07 8.26681e-02 3.47401e-02 1800
221 -634635.78411 86.70855 2.09556e-06 1.06042e-01 3.46998e-02 2150
206 -633791.20488 86.08023 1.01744e-06 2.02879e-02 3.45452e-02 1900
124 -634731.72606 86.12856 2.28254e-06 1.14244e-01 3.43515e-02 1150
136 -634818.76550 86.08023 1.45576e-07 3.63711e-02 3.42471e-02 1350
148 -633160.33356 85.74190 9.51363e-09 4.99732e-03 3.44033e-02 1450
146 -635895.81360 85.83857 2.09271e-06 1.06491e-01 3.46785e-02 1400
501 -635193.72446 86.32189 1.41777e-07 3.67845e-02 3.49290e-02 4850
162 -634509.46782 85.98357 2.28632e-06 1.15015e-01 3.49692e-02 1550
285 -634173.61479 86.03190 2.13961e-06 8.31369e-02 3.45316e-02 2600
118 -634904.38756 85.45191 1.97057e-06 7.54535e-02 3.40714e-02 1100
146 -633397.07810 86.41856 1.02670e-06 1.96333e-02 3.43977e-02 1400
155 -634196.06858 86.56356 2.28635e-06 1.12868e-01 3.43603e-02 1500
117 -636518.47494 86.32189 1.32679e-06 7.48838e-02 3.43260e-02 1200
169 -634048.59917 86.32189 2.09834e-06 1.07672e-01 3.46117e-02 1550
173 -634572.87547 86.37023 2.08639e-06 1.06557e-01 3.48805e-02 1700
207 -635104.91156 86.37023 2.14364e-06 8.29996e-02 3.47112e-02 2050
158 -634865.91693 86.03190 2.17183e-06 8.23669e-02 3.47147e-02 1450
180 -635848.33965 85.69357 1.31513e-06 7.47945e-02 3.44381e-02 1750
133 -634985.27110 86.27356 2.27237e-06 1.13673e-01 3.41946e-02 1300
124 -633942.05090 86.51522 1.32384e-06 7.45912e-02 3.49902e-02 1150
125 -634142.00606 86.95022 1.47022e-06 1.06578e-01 3.45927e-02 1200
133 -635258.04475 85.79024 1.02334e-06 2.03115e-02 3.49016e-02 1250
204 -634637.89466 85.79024 1.16140e-06 5.11156e-02 3.49624e-02 1800
137 -635150.48843 86.12856 2.15185e-06 8.29396e-02 3.49945e-02 1200
138 -635039.01618 85.69357 2.30098e-06 1.14402e-01 3.46909e-02 1250
653 -635362.83341 86.32189 1.15690e-06 5.07094e-02 3.49014e-02 5950
454 -634707.78474 85.64524 1.33170e-06 7.52834e-02 3.46962e-02 4200
169 -634872.59020 85.93523 1.46482e-07 3.57114e-02 3.47956e-02 1650
132 -635864.94548 85.59691 1.01790e-06 2.01003e-02 3.48881e-02 1250
208 -635246.88922 86.12856 1.95317e-06 7.55805e-02 3.45989e-02 2000
335 -634699.07072 86.12856 1.00062e-08 5.11548e-03 3.47478e-02 3300
166 -634944.65910 86.51522 1.02633e-06 2.00997e-02 3.48411e-02 1550
145 -635019.44110 86.37023 1.31958e-06 7.51709e-02 3.47293e-02 1400
152 -633254.31935 86.37023 2.10434e-06 1.06769e-01 3.47083e-02 1400
116 -633805.94741 86.03190 1.31477e-06 7.52189e-02 3.43158e-02 1100
132 -633398.41493 86.12856 2.07949e-06 1.06814e-01 3.44564e-02 1250
150 -634204.85121 85.79024 2.27172e-06 1.14517e-01 3.45860e-02 1450
440 -638284.58808 82.98695 2.00105e-06 8.27525e-02 3.48019e-02 3950
147 -634942.69924 86.46689 1.94980e-06 7.48407e-02 3.46208e-02 1350
159 -634247.90023 85.25858 2.14899e-06 8.23072e-02 3.44478e-02 1500
169 -635026.82732 85.79024 2.28123e-06 1.13867e-01 3.47747e-02 1600
125 -634331.23917 85.74190 1.33894e-06 7.53506e-02 3.43384e-02 1200
123 -633915.98347 86.03190 1.48216e-07 3.59827e-02 3.47314e-02 1200
331 -638393.20573 86.12856 1.88439e-06 6.53121e-02 3.48381e-02 2850
121 -634664.75385 85.74190 2.12705e-06 8.27715e-02 3.42720e-02 1150
188 -635419.26569 85.69357 2.09353e-06 1.06412e-01 3.44983e-02 1800
357 -638936.44374 82.31029 2.86831e-06 9.98138e-02 3.47679e-02 3450
177 -635431.72425 85.83857 2.25447e-06 1.14340e-01 3.46313e-02 1700
306 -633213.09327 86.51522 2.16867e-06 8.20280e-02 3.46988e-02 2950
635 -637978.45235 86.27356 2.97686e-06 9.68413e-02 3.48654e-02 5750
156 -634264.59675 86.41856 2.28168e-06 1.14132e-01 3.49017e-02 1450
162 -634775.69158 86.03190 1.03779e-06 2.02099e-02 3.43522e-02 1600
118 -633832.04140 86.61189 2.29200e-06 1.14549e-01 3.43528e-02 1150
309 -635153.48969 85.64524 8.76933e-09 5.09890e-03 3.47079e-02 3000
109 -633535.53363 85.79024 1.15538e-06 5.14401e-02 3.47043e-02 1050
134 -635242.62675 85.59691 1.32636e-06 7.47773e-02 3.48650e-02 1300
350 -634363.05451 86.32189 9.64044e-09 5.01052e-03 3.47010e-02 3350
155 -635021.42356 86.12856 2.12313e-06 8.27670e-02 3.43971e-02 1500
106 -635436.47368 86.32189 8.78192e-09 4.91467e-03 3.44585e-02 1050
571 -639143.94977 85.45191 2.67137e-06 9.55191e-02 3.49625e-02 5250
135 -634856.84441 86.46689 2.14028e-06 8.30865e-02 3.41048e-02 1300
142 -633427.87014 86.61189 1.16493e-06 5.06751e-02 3.41599e-02 1350
244 -634913.73480 86.22523 2.28958e-06 1.14765e-01 3.44931e-02 2400
176 -638948.13495 82.93862 1.54207e-06 8.50229e-02 3.47666e-02 1750
319 -634821.30493 86.08023 1.15208e-06 5.12643e-02 3.49864e-02 3050
117 -632637.56186 86.37023 1.14993e-06 5.17467e-02 3.45650e-02 1150
141 -634334.85524 85.74190 1.02688e-06 1.99851e-02 3.46031e-02 1400
229 -635143.25485 85.79024 9.47421e-09 5.25295e-03 3.46169e-02 2250
174 -635234.32316 86.27356 2.27950e-06 1.14114e-01 3.43392e-02 1700
144 -634134.08867 86.03190 1.02001e-06 2.06644e-02 3.44217e-02 1350
500 -638597.61426 84.48526 1.14655e-06 6.56039e-02 3.49703e-02 4450
163 -634372.18246 85.79024 1.06883e-08 4.80136e-03 3.43573e-02 1600
223 -634348.25658 86.37023 1.43534e-07 3.60047e-02 3.46995e-02 2050
557 -635136.27911 86.37023 2.28522e-06 1.13735e-01 3.48944e-02 5150
190 -634843.33641 86.41856 1.95588e-06 7.54282e-02 3.44866e-02 1800
252 -635241.52854 86.37023 1.96959e-06 7.55388e-02 3.46214e-02 2400
688 -634898.88044 85.83857 2.08945e-06 1.06914e-01 3.49525e-02 6550
152 -634420.89789 86.56356 2.11359e-06 1.05538e-01 3.48428e-02 1400
157 -635428.02261 86.37023 1.42622e-07 3.70893e-02 3.44961e-02 1550
190 -634705.24040 86.12856 9.37934e-09 4.98324e-03 3.47882e-02 1900
123 -635122.82184 85.98357 2.15922e-06 8.17435e-02 3.41882e-02 1150
128 -633246.96136 85.83857 2.14786e-06 8.25054e-02 3.48924e-02 1250
134 -634687.66160 86.51522 2.27130e-06 1.13616e-01 3.42324e-02 1300
164 -634035.77140 86.66022 1.15989e-06 5.16813e-02 3.48650e-02 1600
141 -634020.00525 86.12856 9.75312e-09 4.88719e-03 3.43516e-02 1400
316 -634150.76754 85.74190 1.00479e-06 2.05456e-02 3.49231e-02 2900
631 -635297.58301 86.41856 1.95572e-06 7.49518e-02 3.47686e-02 6150
334 -637493.05933 84.34026 1.92951e-06 9.31121e-02 3.47830e-02 3250
208 -635281.41331 86.27356 2.13133e-06 8.19540e-02 3.49471e-02 2000
124 -633677.66594 85.74190 2.08504e-06 1.06170e-01 3.49984e-02 1200
95 -634426.66042 86.56356 8.16484e-09 4.93690e-03 3.46643e-02 950
140 -634517.84886 86.12856 1.02658e-06 2.01407e-02 3.43858e-02 1350
136 -633804.84545 86.46689 2.13336e-06 8.25119e-02 3.44457e-02 1300
153 -634576.84228 86.51522 1.43670e-07 3.61138e-02 3.45774e-02 1550
117 -635000.41096 85.93523 1.17766e-06 5.13559e-02 3.45429e-02 1100
133 -633875.83070 86.27356 1.46189e-06 1.07414e-01 3.49587e-02 1300
171 -640229.95808 84.96858 1.10837e-06 9.11047e-02 3.46978e-02 1600
152 -633685.89268 86.22523 1.32897e-06 7.59359e-02 3.45775e-02 1450
172 -634176.87735 85.98357 2.27000e-06 1.13793e-01 3.43523e-02 1700
260 -634426.57698 86.51522 1.32911e-06 7.48793e-02 3.47786e-02 2400
196 -634979.76890 86.22523 2.30096e-06 1.13910e-01 3.46532e-02 1850
228 -634903.53589 85.83857 2.15468e-06 8.29720e-02 3.48440e-02 2100
170 -634170.36582 85.69357 2.11165e-06 8.28108e-02 3.44241e-02 1600
198 -635195.13663 85.69357 1.95576e-06 7.53194e-02 3.49211e-02 1900
124 -634937.26724 86.61189 2.13817e-06 8.27722e-02 3.47937e-02 1200
308 -638180.08735 85.54857 2.80097e-06 8.94804e-02 3.49056e-02 3000
147 -634643.35260 86.27356 1.02840e-06 2.00311e-02 3.47142e-02 1400
159 -634970.73084 86.37023 1.32410e-06 7.43490e-02 3.46506e-02 1550
332 -635316.40695 85.88690 2.15676e-06 8.34739e-02 3.46388e-02 3200
135 -635447.15601 86.37023 2.14234e-06 8.25558e-02 3.48539e-02 1250
132 -636161.14433 86.27356 2.09300e-06 1.06191e-01 3.45943e-02 1300
146 -635104.51608 85.93523 1.96257e-06 7.54575e-02 3.44286e-02 1400
209 -635749.02502 86.22523 2.15129e-06 8.26981e-02 3.47813e-02 1800
151 -634551.97759 85.45191 2.27328e-06 1.14363e-01 3.45501e-02 1350
208 -633919.18643 85.79024 1.15711e-06 5.15350e-02 3.46377e-02 1850
467 -638771.29194 82.79362 2.27514e-06 1.00160e-01 3.49802e-02 4000
251 -634817.32068 86.08023 2.27127e-06 1.14796e-01 3.48863e-02 2250
244 -634764.01419 85.98357 9.70435e-09 5.04073e-03 3.46014e-02 2250
133 -635726.40160 86.56356 2.28467e-06 1.14303e-01 3.49249e-02 1200
268 -634747.47858 86.61189 2.28364e-06 1.13200e-01 3.47304e-02 2350
127 -634999.61319 85.93523 2.13559e-06 8.36804e-02 3.43788e-02 1100
129 -635327.54555 86.41856 2.14931e-06 8.21539e-02 3.47285e-02 1150
118 -635025.63089 86.56356 2.28560e-06 1.13318e-01 3.42125e-02 1050
162 -635006.21645 85.30691 2.09924e-06 1.07286e-01 3.43372e-02 1450
296 -635024.90378 85.79024 2.12642e-06 8.29110e-02 3.47892e-02 2650
276 -633345.45878 86.17690 1.02555e-06 2.04613e-02 3.47310e-02 2550
473 -638569.22391 85.98357 2.18438e-06 7.78692e-02 3.49152e-02 4100
206 -634603.50687 85.50024 2.28613e-06 1.14015e-01 3.49930e-02 1750
149 -639168.66940 83.71194 1.68390e-06 8.80130e-02 3.47423e-02 1350
202 -638629.86800 82.60029 3.06318e-06 1.25179e-01 3.44644e-02 1750
132 -635866.51879 85.50024 1.32012e-06 7.53043e-02 3.49111e-02 1250
640 -635002.19623 86.46689 2.15877e-06 8.27648e-02 3.48648e-02 5800
308 -634260.33790 86.66022 1.95484e-06 7.53175e-02 3.45672e-02 2650
170 -634521.84039 86.66022 1.42397e-07 3.66870e-02 3.45452e-02 1450
182 -635352.09596 86.08023 2.27665e-06 1.13473e-01 3.47477e-02 1550
245 -634688.25945 85.64524 9.48248e-09 5.16446e-03 3.44771e-02 2300
241 -634612.00017 86.85355 2.16636e-06 8.26636e-02 3.47748e-02 2250
250 -635237.73411 86.12856 1.45693e-06 1.06440e-01 3.48183e-02 2100
177 -634068.55821 86.90188 2.13814e-06 8.32822e-02 3.43539e-02 1600
304 -634444.05579 85.93523 2.14786e-06 8.22571e-02 3.49171e-02 2750
193 -634774.57257 86.61189 1.44881e-06 1.06085e-01 3.43953e-02 1750
149 -636842.07609 86.80522 2.28359e-06 1.14165e-01 3.43165e-02 1350
278 -635502.40742 85.93523 1.96223e-06 7.50761e-02 3.48101e-02 2650
204 -635277.12826 86.12856 1.43959e-06 1.06923e-01 3.46208e-02 1950
205 -633775.36656 85.74190 1.43748e-07 3.65888e-02 3.45941e-02 1850
171 -633660.08265 86.17690 2.28406e-06 1.14081e-01 3.43365e-02 1450
152 -634238.82496 86.17690 8.99602e-09 4.87870e-03 3.49703e-02 1400
207 -634247.90538 86.17690 1.46901e-07 3.64532e-02 3.49220e-02 1800
308 -635341.54813 86.27356 1.32653e-06 7.57263e-02 3.49472e-02 2700
185 -634938.42797 85.69357 1.31853e-06 7.58946e-02 3.44449e-02 1700
244 -635167.73764 86.12856 1.17290e-06 5.17867e-02 3.49979e-02 2200
208 -634771.22106 85.74190 7.98259e-09 5.23276e-03 3.48279e-02 1950
310 -633280.73776 86.66022 2.14583e-06 8.31253e-02 3.45968e-02 2900
226 -634325.56944 85.98357 9.47984e-09 5.16009e-03 3.46103e-02 2150
457 -635004.91234 86.51522 1.43176e-07 3.60684e-02 3.49033e-02 3900
115 -634395.24620 85.79024 2.07851e-06 1.05865e-01 3.45365e-02 1100
173 -634456.03255 86.17690 2.27490e-06 1.14241e-01 3.47697e-02 1650
259 -635600.35712 86.17690 1.94804e-06 7.52252e-02 3.46354e-02 2400
136 -634514.26770 85.88690 2.15708e-06 8.26245e-02 3.46233e-02 1300
164 -634595.64046 85.79024 1.17544e-06 5.16629e-02 3.42064e-02 1450
232 -634315.70971 86.17690 1.16141e-06 5.13353e-02 3.44908e-02 2000
154 -635356.27421 85.98357 1.33386e-06 7.51409e-02 3.49999e-02 1500
309 -633581.25511 86.70855 2.25778e-06 1.14855e-01 3.49009e-02 2950
130 -635358.01113 86.12856 1.46353e-06 1.06956e-01 3.39754e-02 1200
148 -633178.64004 85.59691 1.01648e-06 2.02307e-02 3.41381e-02 1400
249 -633425.76930 85.93523 2.08537e-06 1.05945e-01 3.48488e-02 2350
167 -634649.05430 86.22523 2.12359e-06 8.19930e-02 3.44402e-02 1550
147 -634140.68440 85.74190 1.15480e-06 5.14000e-02 3.45960e-02 1350
239 -634105.40441 85.50024 1.02026e-06 1.99570e-02 3.46539e-02 2250
174 -634686.10729 85.59691 1.04530e-08 4.79745e-03 3.49304e-02 1650
117 -635612.32715 85.98357 1.46082e-07 3.62227e-02 3.42804e-02 1150
155 -635680.61219 86.85355 2.30354e-06 1.13909e-01 3.43830e-02 1450
168 -635450.54151 86.37023 2.15555e-06 8.27574e-02 3.49689e-02 1500
171 -635043.74891 86.08023 1.30912e-06 7.53733e-02 3.46602e-02 1600
171 -634603.25694 85.83857 1.02401e-06 1.99434e-02 3.41970e-02 1450
186 -634910.01549 86.03190 1.17311e-06 5.10315e-02 3.46540e-02 1650
154 -634533.88156 86.12856 1.96711e-06 7.47297e-02 3.45117e-02 1400
158 -634699.30761 86.22523 8.73995e-09 5.15486e-03 3.49852e-02 1400
212 -634526.59014 85.79024 1.46634e-07 3.61500e-02 3.48154e-02 1850
200 -634890.93621 85.69357 2.09535e-06 1.06833e-01 3.48652e-02 1800
208 -636105.26750 86.17690 2.29207e-06 1.13305e-01 3.43609e-02 1700
123 -634798.83018 86.22523 1.46460e-06 1.06442e-01 3.43204e-02 1100
175 -635373.26240 86.27356 1.00404e-08 4.85293e-03 3.49884e-02 1400
549 -635058.18840 86.03190 1.01718e-06 2.03836e-02 3.49689e-02 4900
161 -634509.62423 84.87192 9.35162e-09 5.24236e-03 3.49981e-02 1450
150 -634903.78618 86.27356 2.28132e-06 1.14699e-01 3.48807e-02 1300
269 -639760.96026 81.48864 2.73536e-06 1.06081e-01 3.47656e-02 2250
186 -633988.81540 86.61189 1.44316e-07 3.61412e-02 3.44515e-02 1650
179 -634475.95880 86.22523 2.13957e-06 8.30231e-02 3.46014e-02 1600
176 -634215.35679 86.37023 1.01935e-06 2.02595e-02 3.42828e-02 1650
117 -632883.72848 86.08023 1.14913e-06 5.18246e-02 3.38103e-02 1000
437 -640024.66848 84.29193 3.32055e-06 1.21732e-01 3.48925e-02 3800
191 -634411.20628 86.56356 2.29326e-06 1.13487e-01 3.47235e-02 1750
257 -634835.89508 85.79024 2.28163e-06 1.14470e-01 3.49028e-02 2200
206 -635328.90932 86.27356 2.27782e-06 1.14004e-01 3.48572e-02 1850
210 -635419.02633 86.61189 9.43221e-09 5.10843e-03 3.43540e-02 1900
140 -633912.53454 86.70855 2.29686e-06 1.13545e-01 3.47551e-02 1300
332 -634511.90104 86.08023 2.27404e-06 1.13708e-01 3.49240e-02 2350
196 -634862.78260 86.46689 1.01588e-06 1.99979e-02 3.45791e-02 1400
218 -634826.06076 86.51522 2.09344e-06 1.06798e-01 3.49506e-02 1500
342 -634184.46923 86.03190 1.30612e-06 7.51193e-02 3.44424e-02 2400
238 -633832.29551 85.88690 2.29322e-06 1.13323e-01 3.48399e-02 1650
175 -633965.06270 86.22523 1.46105e-06 1.06928e-01 3.48169e-02 1750
158 -634308.37946 86.90188 2.13935e-06 8.24732e-02 3.43108e-02 1550
222 -634696.98678 86.56356 2.29323e-06 1.13879e-01 3.44449e-02 2100
171 -634532.49671 86.03190 2.26945e-06 1.14396e-01 3.45422e-02 1600
130 -635374.86696 86.03190 9.64881e-09 5.02157e-03 3.47300e-02 1300
120 -634978.36527 86.12856 2.06613e-06 1.06713e-01 3.46706e-02 1100
128 -634877.19560 85.74190 1.45639e-07 3.59288e-02 3.47622e-02 1100
247 -634600.27114 86.32189 1.93958e-06 7.50838e-02 3.44958e-02 2400
184 -635062.99194 85.69357 2.29543e-06 1.13922e-01 3.44071e-02 1500
176 -633701.20474 85.83857 2.29733e-06 1.13527e-01 3.42622e-02 1450
162 -633968.12355 85.93523 1.95972e-06 7.58409e-02 3.49887e-02 1400
263 -633491.86829 86.17690 2.29766e-06 1.13918e-01 3.44594e-02 2350
233 -634736.30855 86.56356 9.13516e-09 5.03878e-03 3.49357e-02 2150
108 -633629.47183 86.41856 1.95097e-06 7.54299e-02 3.49828e-02 1050
159 -633234.70036 86.41856 2.16184e-06 8.28280e-02 3.42478e-02 1450
154 -634540.30770 86.61189 2.28296e-06 1.13823e-01 3.43297e-02 1400
