296 -638293.27526 83.42194 2.77472e-06 9.39793e-02 3.45976e-02 2700
452 -637696.23105 84.43693 1.89933e-06 6.12455e-02 3.49492e-02 4350
322 -636846.04588 84.09860 7.12072e-07 2.62330e-02 3.46954e-02 3050
288 -634710.92335 83.61527 3.70832e-06 1.11561e-01 3.49368e-02 2750
386 -638084.03668 84.29193 3.06312e-06 1.07375e-01 3.48822e-02 3350
360 -638734.61653 84.09860 1.98347e-06 7.75239e-02 3.49132e-02 3100
361 -638182.22109 83.76027 1.39155e-06 6.06086e-02 3.49931e-02 3100
274 -635455.85820 83.37361 2.65956e-06 5.96592e-02 3.47532e-02 2450
265 -635036.13960 84.14693 1.71556e-06 3.67912e-02 3.46225e-02 2500
402 -637068.79765 83.90527 1.89503e-06 6.10040e-02 3.46533e-02 3350
402 -636833.64780 84.14693 2.74797e-06 7.25932e-02 3.47480e-02 3600
439 -637444.90039 83.85694 2.30365e-06 7.28417e-02 3.49151e-02 3650
288 -638028.21415 84.09860 2.33273e-06 7.29610e-02 3.49156e-02 2800
316 -636957.63333 84.05027 2.91382e-06 9.63445e-02 3.48976e-02 3000
257 -639056.83024 84.05027 2.64341e-06 7.93610e-02 3.47172e-02 2350
316 -635946.55694 83.56694 3.62963e-06 1.10623e-01 3.47048e-02 2850
321 -637217.69189 84.09860 1.84255e-06 8.95887e-02 3.48421e-02 2700
386 -635663.17999 84.43693 2.61955e-06 1.07069e-01 3.49060e-02 3050
534 -637438.69264 83.80860 1.67005e-06 5.28813e-02 3.47657e-02 4350
368 -637579.65329 83.76027 2.91728e-06 7.96999e-02 3.47789e-02 3100
264 -634637.33096 83.85694 3.58241e-06 1.10539e-01 3.45884e-02 2350
380 -639544.84382 84.34026 2.90018e-06 7.89824e-02 3.47715e-02 3200
369 -635629.67664 83.90527 1.68304e-06 3.59216e-02 3.49505e-02 3200
572 -636146.55225 83.90527 2.26880e-06 6.36828e-02 3.48819e-02 4950
554 -636669.32222 83.85694 1.49746e-06 3.42197e-02 3.48310e-02 4800
433 -638235.70573 83.80860 1.75569e-06 8.71410e-02 3.47655e-02 3400
369 -636939.66448 83.71194 2.36089e-06 5.21865e-02 3.46981e-02 2950
322 -638009.04068 83.56694 3.15770e-06 1.14913e-01 3.48427e-02 2800
306 -637191.07794 83.71194 2.40490e-06 1.06696e-01 3.47774e-02 2550
376 -637602.40631 84.19526 1.49800e-06 3.46762e-02 3.49106e-02 3350
242 -638575.51097 83.51861 2.85129e-06 1.19401e-01 3.48995e-02 2150
371 -637934.77445 83.76027 2.87622e-06 8.04493e-02 3.48183e-02 3200
626 -638208.17369 84.05027 1.91750e-06 6.14605e-02 3.49392e-02 5300
339 -637089.54993 83.76027 1.53952e-06 7.01363e-02 3.47870e-02 2950
205 -636413.90809 84.09860 2.61499e-06 5.96149e-02 3.49517e-02 1750
242 -637391.00333 83.95360 1.49460e-06 6.82914e-02 3.45700e-02 2100
384 -636673.77871 84.19526 1.42471e-06 6.30021e-02 3.49055e-02 3500
236 -638579.66124 83.80860 2.75224e-06 9.50960e-02 3.49678e-02 2150
341 -637329.50431 84.24360 1.67621e-06 5.27570e-02 3.46136e-02 3100
362 -634663.38625 83.37361 2.37423e-06 6.60891e-02 3.46369e-02 2950
314 -637025.66723 84.29193 2.13114e-06 6.19379e-02 3.46424e-02 2800
453 -636687.83478 83.27695 3.11802e-06 1.13785e-01 3.49671e-02 3650
302 -634545.31500 83.80860 3.72314e-06 1.11003e-01 3.46059e-02 2750
259 -637414.57386 84.00193 8.72179e-07 5.38778e-02 3.48525e-02 2300
271 -633775.87751 83.90527 2.50478e-06 8.54970e-02 3.45120e-02 2400
389 -637907.63597 83.51861 2.01795e-06 9.50423e-02 3.46861e-02 3350
401 -637284.37513 84.24360 2.83565e-06 1.12608e-01 3.48381e-02 3300
389 -637629.62184 83.61527 3.01448e-06 1.13855e-01 3.47320e-02 3550
341 -633966.19249 83.61527 2.65417e-06 5.97314e-02 3.46488e-02 3000
402 -638278.61326 84.00193 2.99357e-06 1.07342e-01 3.47044e-02 3250
290 -635447.79286 84.05027 1.78539e-06 6.35977e-02 3.46874e-02 2600
306 -637457.93703 83.80860 7.07157e-07 2.64404e-02 3.46479e-02 2850
