23 -630050.97000 81.92363 6.16424e-07 3.43937e-02
21 -632142.51738 82.11696 3.26935e-06 9.13590e-02
20 -630191.77692 81.77864 2.28568e-06 1.01870e-01
26 -628529.18719 82.06863 2.44449e-06 8.44172e-02
28 -630877.62050 82.02030 2.13929e-06 1.07133e-01
23 -632746.46792 81.63364 2.70989e-06 9.76106e-02
23 -630927.55213 81.97197 2.06995e-06 1.02060e-01
20 -631504.34289 81.44031 2.93712e-06 1.08669e-01
20 -629035.13256 82.02030 2.03821e-06 1.00341e-01
21 -630717.93546 81.73030 3.50332e-06 7.26357e-02
20 -631105.69603 82.31029 1.94396e-06 1.00240e-01
26 -631307.98324 81.73030 2.83240e-06 1.08236e-01
17 -631938.66287 81.87530 2.89336e-06 9.41867e-02
25 -630027.52217 82.06863 1.45725e-06 4.41254e-02
16 -631880.81661 82.16530 1.61517e-06 5.07916e-02
18 -630999.94263 82.06863 1.23423e-06 3.92897e-02
26 -629057.54518 81.92363 2.58978e-06 1.03412e-01
25 -629863.97745 81.48864 2.71718e-06 8.85795e-02
23 -630869.71367 81.82697 3.18269e-06 1.03944e-01
23 -630007.44068 82.35863 2.52950e-06 9.73539e-02
16 -630926.76217 81.10198 2.68161e-06 1.06014e-01
25 -632077.99061 82.02030 3.13068e-06 1.11877e-01
21 -632000.34545 81.53697 3.05184e-06 9.24970e-02
28 -631256.85150 81.68197 2.95309e-06 1.15066e-01
29 -630212.44519 82.11696 1.27915e-06 4.09591e-02
20 -632535.15133 80.57032 2.31169e-06 9.49135e-02
30 -632658.80001 80.95698 2.99353e-06 1.09597e-01
47 -629290.25968 80.86032 5.81506e-07 3.18597e-02
24 -631491.26339 81.73030 1.90129e-06 8.09251e-02
25 -629568.22568 81.53697 2.08632e-06 1.02660e-01
40 -629404.73965 81.82697 2.01411e-06 1.02972e-01
19 -630941.61593 82.06863 2.03511e-06 9.69843e-02
22 -631405.06577 81.87530 3.11198e-06 1.22175e-01
18 -632893.17084 82.31029 2.75191e-06 9.90932e-02
29 -631699.47933 82.02030 2.08221e-06 4.86994e-02
16 -633380.83806 81.77864 2.41958e-06 6.31382e-02
25 -631682.82694 82.11696 7.40243e-07 4.15439e-02
21 -631732.25675 81.92363 3.87257e-06 9.71112e-02
32 -629964.95976 82.02030 1.85626e-06 8.44881e-02
22 -629795.55678 81.97197 2.19767e-06 1.03802e-01
32 -630274.88668 81.53697 2.82135e-06 1.08899e-01
21 -629603.19667 81.77864 2.68806e-06 9.25669e-02
18 -631772.12293 81.15031 3.88229e-06 9.86065e-02
38 -628663.30572 81.63364 2.40890e-06 9.24948e-02
45 -629249.91188 82.11696 3.21240e-06 1.03966e-01
21 -631024.18008 82.11696 2.80709e-06 1.03042e-01
19 -630688.58928 81.87530 3.64927e-06 8.73527e-02
28 -632148.66939 81.82697 2.15688e-06 1.05249e-01
31 -629356.05144 82.35863 5.68064e-07 3.21448e-02
29 -629250.18031 82.11696 1.64743e-06 4.92053e-02
39 -630345.14545 82.31029 4.82755e-07 2.95556e-02
23 -628904.57792 81.82697 2.91707e-06 1.10582e-01
15 -630470.82907 81.97197 5.11801e-07 2.39880e-02
18 -629400.37160 82.35863 1.59181e-06 4.87161e-02
19 -631574.52894 81.82697 2.55366e-06 1.01013e-01
14 -630897.95710 81.53697 2.89652e-06 1.11546e-01
15 -630812.82074 82.02030 1.63933e-06 4.88150e-02
11 -632402.54005 81.73030 2.68758e-06 8.00993e-02
17 -628796.90357 82.02030 2.97304e-06 1.11398e-01
17 -630000.72816 81.87530 2.94012e-07 2.12185e-02
17 -629420.13119 82.21363 3.91552e-07 1.35883e-02
18 -630958.06463 81.97197 2.65759e-06 8.91695e-02
27 -630672.20398 82.06863 1.44148e-06 4.04935e-02
18 -628796.02864 82.40696 2.78084e-06 1.05086e-01
18 -630310.69749 81.58531 1.91848e-06 8.16390e-02
17 -632404.62044 81.58531 2.54157e-06 8.04064e-02
19 -630572.67748 82.45529 2.73885e-06 1.02091e-01
14 -633166.54235 81.58531 2.65931e-06 9.71255e-02
31 -629807.84036 81.53697 2.93220e-06 9.46679e-02
13 -628918.84722 82.50362 3.00354e-06 1.05236e-01
24 -628128.64865 82.21363 1.41077e-06 4.09611e-02
17 -632492.01376 82.02030 2.73132e-06 9.44856e-02
21 -630067.75503 82.45529 5.33087e-07 3.33098e-02
15 -629985.08629 82.21363 2.65542e-06 9.91691e-02
13 -630353.64639 81.58531 2.67647e-06 1.05498e-01
23 -629992.46706 81.77864 1.88733e-06 9.39967e-02
16 -631778.49584 81.44031 3.44723e-06 1.01240e-01
19 -633754.89834 81.19865 3.04908e-06 1.11874e-01
16 -633235.92303 81.53697 2.70124e-06 9.47103e-02
19 -629213.89181 81.87530 5.85570e-07 3.03961e-02
18 -629964.15384 81.73030 2.75014e-06 1.03611e-01
15 -629142.40869 82.02030 2.79967e-06 1.04366e-01
20 -632233.81011 81.19865 2.07319e-06 9.95383e-02
18 -628900.52305 81.97197 2.82014e-06 1.08873e-01
31 -629789.29367 81.68197 1.84611e-06 9.59703e-02
13 -631527.10851 81.87530 2.86099e-06 1.11727e-01
15 -629449.11027 82.40696 1.86544e-06 8.46817e-02
13 -631087.64119 81.82697 3.42095e-06 7.84633e-02
17 -629675.75230 81.92363 2.74608e-06 8.81563e-02
15 -631072.83473 81.92363 2.52259e-06 1.04776e-01
27 -629073.54176 81.63364 1.62671e-06 4.91437e-02
17 -630812.45454 82.11696 2.97685e-06 1.11417e-01
14 -631977.26120 81.73030 3.71336e-06 7.89815e-02
18 -633056.05431 80.03867 3.88432e-06 1.03824e-01
14 -629502.43429 82.16530 4.76328e-06 9.85204e-02
13 -631215.05529 82.06863 3.09828e-07 2.78279e-02
20 -632089.12089 81.92363 1.54895e-06 4.09017e-02
14 -631677.82079 82.11696 2.05996e-06 1.00368e-01
32 -629819.38932 82.26196 2.77152e-06 1.05822e-01
16 -633000.83284 81.34364 2.70156e-06 8.33488e-02
18 -629234.78965 81.77864 2.57276e-06 7.94653e-02
18 -630446.34759 81.73030 2.13014e-06 1.00132e-01
27 -628857.73460 81.68197 2.99245e-06 1.19888e-01
35 -629359.35616 81.68197 2.33321e-06 1.04425e-01
15 -634503.15466 78.05703 1.87779e-06 5.78974e-02
17 -633265.91350 82.02030 1.18960e-06 2.05765e-02
13 -630994.27329 81.92363 2.99838e-06 1.14965e-01
35 -630317.02416 82.02030 2.96919e-06 1.11699e-01
18 -631464.49632 81.82697 4.72311e-06 8.44275e-02
16 -631764.55703 82.11696 1.23295e-06 2.14975e-02
15 -631246.27653 82.06863 2.84070e-06 1.09325e-01
22 -634773.35459 81.97197 9.17870e-07 1.95815e-02
15 -631777.40053 82.35863 2.09537e-06 3.74436e-02
14 -631247.18526 80.03867 2.93219e-06 7.53484e-02
13 -630550.62194 82.11696 2.23257e-06 3.23446e-02
16 -633534.85555 78.92702 2.51392e-06 1.00794e-01
15 -631967.31892 81.82697 2.99610e-06 9.61490e-02
22 -630473.03629 82.16530 2.36922e-06 8.13453e-02
14 -636700.11916 81.87530 3.04269e-06 8.91142e-02
16 -631650.13961 81.82697 9.75796e-07 3.83835e-02
13 -630705.06110 82.84195 1.83287e-06 8.80498e-02
16 -630494.18098 81.87530 5.45166e-07 3.09339e-02
13 -630355.30913 82.16530 2.82989e-06 8.25171e-02
12 -632368.56831 81.92363 2.63211e-06 6.93849e-02
12 -631372.83022 81.77864 2.97550e-06 1.07288e-01
17 -629462.42254 82.26196 2.99074e-07 2.93764e-02
18 -629822.38208 82.16530 4.98125e-07 2.95090e-02
19 -631814.36586 81.97197 2.63369e-06 8.99993e-02
20 -631253.37305 82.31029 1.88618e-06 8.80258e-02
12 -630544.87452 81.82697 2.90492e-06 1.11519e-01
20 -630521.77182 82.26196 3.68282e-07 2.38776e-02
22 -631049.58015 82.64862 1.99179e-06 1.00073e-01
15 -629634.06909 82.02030 1.35194e-06 2.65444e-02
17 -629189.43069 82.06863 2.20858e-06 7.54361e-02
21 -630051.82374 81.97197 2.58159e-06 9.27538e-02
21 -630315.43426 81.87530 2.20745e-06 1.12832e-01
14 -631926.75825 81.73030 2.73717e-06 1.06872e-01
17 -632139.12684 81.97197 2.71060e-06 1.11233e-01
17 -629332.89139 82.11696 1.63166e-06 4.94823e-02
15 -632702.12904 81.82697 3.58608e-06 8.97356e-02
16 -631705.68976 82.02030 1.40169e-06 4.43611e-02
18 -631023.15889 81.53697 3.53502e-07 1.57591e-02
16 -631299.09352 82.11696 3.50480e-06 8.26605e-02
23 -629953.72948 82.02030 2.55531e-06 9.70614e-02
13 -634640.75539 76.41373 3.58282e-06 9.26008e-02
18 -631231.98429 81.63364 1.87195e-06 8.24206e-02
12 -632039.03474 82.06863 3.13218e-06 1.15301e-01
18 -632383.92408 82.31029 2.99920e-06 1.10417e-01
15 -631709.30010 81.68197 5.40289e-06 8.90420e-02
18 -631736.40874 81.82697 1.31407e-06 2.87482e-02
24 -632246.11791 81.87530 2.81690e-06 1.10305e-01
23 -630655.50944 81.73030 2.68444e-06 8.00623e-02
25 -633908.56483 81.05365 2.23807e-06 6.17982e-02
17 -628908.80865 81.87530 2.77890e-06 1.03871e-01
12 -631346.11173 81.68197 3.16007e-06 7.79151e-02
15 -631227.21032 81.63364 3.05230e-06 1.10379e-01
24 -631707.82845 81.92363 1.34169e-06 2.68918e-02
15 -633559.91173 77.71870 2.53408e-06 1.01611e-01
13 -631737.94631 82.16530 1.30953e-06 4.34133e-02
20 -630039.04053 82.21363 5.83636e-07 3.24518e-02
23 -628928.51904 81.92363 2.75354e-06 1.04485e-01
13 -631791.81764 82.21363 3.54441e-06 9.04625e-02
15 -632660.63460 81.34364 2.12197e-06 1.09277e-01
13 -634040.78334 81.58531 1.79578e-07 1.51009e-02
21 -632219.89396 82.40696 2.58991e-06 8.62315e-02
18 -630225.69298 81.77864 2.19347e-06 1.05190e-01
14 -632373.47461 81.73030 3.39284e-06 1.02834e-01
13 -631942.72673 82.02030 2.88018e-06 1.12002e-01
16 -630290.54030 82.11696 3.02289e-06 1.11220e-01
15 -630063.97975 81.97197 2.46044e-06 9.26688e-02
25 -628873.25113 82.40696 2.92266e-06 1.06305e-01
16 -630728.38103 81.82697 2.92479e-06 1.16506e-01
34 -630332.99053 81.92363 2.76126e-06 9.27609e-02
20 -629462.57571 82.06863 2.78095e-06 1.08117e-01
14 -630370.84427 82.21363 3.03935e-06 1.12151e-01
17 -632557.06782 81.53697 3.64929e-06 9.61572e-02
19 -629574.48018 81.97197 2.82451e-06 1.09886e-01
18 -628905.91557 82.69696 2.16077e-06 1.03799e-01
15 -629536.66834 81.92363 4.60716e-07 4.19577e-02
13 -632386.43142 82.11696 2.68117e-06 1.02088e-01
16 -633030.12555 80.66699 2.71044e-06 9.78727e-02
12 -633097.88825 81.77864 3.24082e-06 8.57082e-02
16 -631413.24428 82.26196 3.16313e-06 1.09940e-01
16 -631764.80575 81.73030 2.02046e-06 1.00308e-01
15 -630425.08111 82.11696 2.91945e-06 9.53280e-02
18 -631359.63721 81.53697 3.16460e-06 9.46550e-02
16 -629296.04400 81.97197 1.05090e-06 1.94854e-02
21 -630271.94189 81.82697 5.79432e-07 3.75952e-02
18 -629041.61122 82.21363 2.75055e-06 8.84256e-02
29 -630758.12365 82.31029 2.80701e-06 1.04862e-01
15 -630315.12461 82.11696 1.42138e-06 4.61281e-02
14 -632254.98144 81.82697 3.09322e-06 1.07262e-01
21 -634225.20039 79.31368 2.42037e-06 1.08734e-01
17 -630422.01789 82.45529 2.66023e-06 1.06597e-01
16 -631321.34485 81.73030 3.38543e-06 1.12460e-01
17 -632738.89193 81.82697 1.76441e-06 8.38113e-02
15 -628907.10371 82.40696 2.23734e-06 1.06284e-01
17 -630815.01513 82.02030 2.37881e-06 8.21480e-02
20 -630605.25640 81.92363 2.52022e-06 1.03892e-01
17 -630621.85397 81.77864 3.09902e-06 6.84599e-02
14 -630513.59715 81.87530 4.10273e-07 1.24833e-02
17 -630809.02626 81.48864 1.61619e-06 5.05195e-02
13 -631991.49050 80.08700 2.69425e-06 8.04362e-02
14 -631048.02016 81.73030 2.40984e-06 8.25896e-02
20 -630344.51859 81.92363 2.18388e-06 8.58984e-02
32 -629847.63119 81.63364 1.51556e-06 4.48826e-02
13 -630940.90729 81.29531 3.04921e-06 1.09353e-01
14 -631078.36593 81.73030 1.35222e-06 2.64110e-02
18 -630893.62281 81.92363 3.06990e-06 9.04364e-02
12 -631822.13582 81.24698 1.68224e-06 4.13236e-02
19 -628460.23914 82.40696 3.84092e-07 2.62159e-02
14 -628347.61962 82.16530 2.69398e-06 1.00363e-01
23 -630374.84706 81.68197 1.47263e-06 4.92374e-02
26 -629172.81574 81.92363 2.58660e-06 7.91506e-02
15 -631386.36749 81.97197 2.85630e-06 1.12007e-01
23 -632068.72463 81.68197 2.62273e-06 9.04562e-02
19 -631179.91785 82.21363 4.31217e-06 7.48774e-02
14 -634300.41146 78.78202 3.00728e-06 9.97994e-02
15 -630424.64652 81.58531 4.03519e-06 1.03176e-01
19 -630902.35537 81.92363 4.05982e-06 2.22899e-02
14 -629442.04333 81.63364 1.34661e-06 2.57313e-02
13 -632436.26477 81.44031 3.49857e-06 8.03354e-02
23 -628317.41080 81.92363 1.34093e-06 4.65617e-02
15 -631586.47240 81.68197 2.17144e-06 1.02099e-01
20 -632858.55276 78.54036 2.08670e-06 9.85957e-02
12 -632445.28399 81.19865 2.44693e-06 7.09622e-02
21 -632473.45160 81.68197 1.41493e-06 5.08481e-02
14 -630503.31235 80.28033 1.24285e-06 3.74909e-02
29 -629411.24362 81.97197 2.20274e-06 7.50382e-02
15 -631739.83909 81.63364 2.51323e-06 4.49932e-02
16 -629682.78836 81.68197 2.77689e-06 1.02842e-01
14 -631921.25038 81.82697 4.85074e-07 2.38224e-02
16 -629684.24321 82.40696 2.09320e-06 1.01263e-01
28 -630638.66831 81.87530 2.97039e-06 1.11103e-01
14 -629673.02250 82.31029 2.43508e-06 8.38629e-02
19 -631023.29525 82.11696 1.58061e-06 4.96957e-02
17 -630527.21004 81.77864 2.67359e-06 9.27814e-02
21 -629815.02720 82.40696 2.89642e-06 1.08942e-01
19 -631112.83409 82.31029 2.93615e-06 1.05512e-01
21 -631070.11762 82.26196 1.61479e-06 4.79892e-02
13 -630277.24383 82.11696 2.72419e-06 1.09738e-01
21 -630738.66802 81.77864 2.13323e-06 1.02159e-01
17 -630971.86000 82.45529 1.93684e-06 8.01332e-02
18 -630646.75974 81.53697 2.24868e-06 2.94784e-02
13 -632265.46632 81.73030 2.73302e-06 1.04613e-01
20 -631417.48497 80.57032 2.63265e-06 1.03065e-01
23 -630683.72771 82.11696 1.40638e-06 3.35370e-02
17 -629289.94722 81.73030 3.03358e-06 1.22048e-01
23 -632818.23217 81.53697 3.27069e-06 7.50913e-02
13 -631577.10865 82.02030 3.21132e-06 1.11032e-01
26 -630377.74928 81.73030 2.44808e-06 8.31112e-02
23 -629865.86307 82.16530 2.24856e-06 1.06317e-01
16 -631824.76562 81.97197 1.66713e-06 3.87868e-02
23 -628956.61842 81.92363 2.43257e-06 8.25761e-02
16 -632554.90078 81.68197 2.39852e-06 9.47949e-02
15 -629898.24168 81.82697 2.48489e-06 9.87759e-02
21 -629843.19548 82.31029 1.47759e-06 5.54972e-02
25 -630223.63262 82.11696 5.77917e-07 3.18086e-02
14 -632334.08174 81.63364 2.75034e-06 1.07246e-01
11 -632714.79378 82.06863 4.97941e-07 3.04890e-02
24 -628417.57774 81.92363 4.07010e-07 3.01985e-02
18 -628776.14617 81.29531 2.79948e-06 8.78798e-02
21 -629886.63654 82.31029 2.15333e-06 9.80761e-02
24 -629335.83755 82.21363 2.68461e-06 8.76941e-02
13 -633546.23998 77.71870 2.15137e-06 9.94459e-02
27 -631628.16795 81.82697 1.64618e-06 5.54559e-02
21 -634177.90984 81.92363 6.94837e-07 2.90515e-02
14 -633854.05181 81.15031 1.13456e-06 4.07545e-02
15 -631117.10536 81.44031 1.18588e-06 4.81029e-02
29 -631525.57902 81.73030 4.09604e-06 1.61569e-02
13 -634112.76688 80.18366 3.22417e-06 1.01166e-01
12 -632065.78032 81.00532 2.83354e-06 1.11493e-01
22 -629039.81234 82.16530 4.71626e-07 3.03952e-02
12 -630348.69377 82.06863 1.94190e-06 9.21514e-02
17 -630314.44727 82.11696 3.34899e-06 5.10913e-02
24 -630416.35272 81.44031 3.09448e-06 1.11211e-01
14 -631765.82627 82.21363 2.86312e-06 1.09567e-01
19 -630208.41168 82.26196 2.65116e-07 2.12665e-02
18 -629495.46831 82.06863 2.82778e-06 1.10305e-01
29 -632431.27810 81.53697 2.48827e-06 8.81282e-02
16 -631114.28281 82.06863 1.85472e-06 7.08347e-02
21 -629583.82785 81.82697 1.41859e-06 4.49425e-02
17 -629802.49346 82.21363 2.64246e-06 9.34356e-02
15 -629637.57925 81.97197 6.04276e-07 3.35574e-02
16 -633329.93130 81.73030 3.11301e-06 4.67449e-02
16 -630330.27406 82.06863 2.88899e-06 1.07943e-01
14 -631854.34925 81.44031 1.56366e-06 4.84714e-02
16 -631977.98913 81.48864 2.97191e-06 1.19867e-01
16 -629763.16510 81.82697 6.10548e-07 3.33429e-02
11 -632447.88127 81.53697 1.73172e-06 4.72338e-02
21 -629349.56137 81.73030 1.29277e-06 2.82972e-02
13 -628397.97930 81.53697 2.94534e-06 9.46874e-02
18 -630187.58127 82.26196 3.43198e-07 2.31563e-02
20 -631735.00382 80.95698 2.14874e-06 1.08469e-01
15 -631317.24355 82.02030 1.72204e-06 8.70214e-02
14 -628814.77670 81.68197 2.99883e-06 1.13113e-01
18 -629830.95971 82.26196 3.40336e-07 2.07417e-02
13 -631891.74666 81.48864 1.52350e-07 1.13782e-02
28 -629331.39480 82.26196 1.41568e-06 3.83122e-02
14 -631897.41354 81.53697 3.80480e-07 2.74255e-02
22 -630034.11554 82.02030 2.26320e-07 2.04707e-02
12 -632272.89881 81.29531 3.71997e-06 9.09802e-02
12 -630504.58883 82.06863 2.74946e-06 3.54577e-02
19 -629441.91650 81.82697 1.86090e-06 9.35855e-02
17 -630842.35358 81.97197 1.45236e-06 4.61236e-02
28 -631571.59351 81.53697 7.78296e-06 8.43736e-02
16 -629851.31352 81.92363 2.81992e-06 1.10085e-01
13 -630064.31753 82.21363 3.02529e-06 1.21711e-01
15 -633939.32734 82.02030 2.77907e-06 1.00089e-01
16 -629864.94092 82.16530 1.61361e-06 5.48763e-02
16 -630574.26178 81.97197 2.14070e-06 1.03907e-01
10 -630380.69390 80.37699 1.29722e-06 2.55273e-02
13 -631067.35465 81.97197 6.53343e-07 3.59438e-02
28 -632156.43690 81.82697 3.67322e-06 9.66694e-02
25 -628710.56062 82.21363 4.84060e-07 4.26456e-02
29 -630698.36066 82.11696 2.83752e-06 1.08484e-01
22 -630724.84657 82.21363 2.98499e-07 8.33454e-03
20 -632690.88470 81.73030 1.97579e-06 4.78132e-02
14 -628984.57291 82.16530 2.94979e-06 1.16469e-01
17 -629961.13465 81.97197 1.44567e-06 3.94698e-02
22 -630063.00320 81.73030 2.42102e-06 9.56360e-02
19 -629673.89431 82.31029 2.59261e-06 9.76748e-02
13 -631217.78975 80.95698 2.50675e-06 8.84118e-02
18 -631406.27288 82.55196 3.58449e-06 8.06034e-02
29 -632110.90455 81.73030 2.70640e-06 1.08739e-01
18 -631265.82534 81.68197 3.56252e-06 1.00188e-01
11 -632958.79111 81.58531 1.38607e-06 4.52911e-02
15 -630257.80593 81.92363 5.80746e-07 3.18259e-02
19 -630856.73095 82.26196 2.91727e-06 1.11297e-01
28 -631862.30977 82.11696 2.78361e-06 1.00887e-01
14 -631013.02771 81.34364 2.93544e-06 8.21144e-02
19 -629085.97149 82.21363 2.65942e-06 1.00089e-01
18 -629932.20164 81.87530 1.51500e-06 3.06958e-02
18 -629953.40287 81.87530 5.20254e-07 3.25159e-02
14 -631346.83969 81.68197 5.17463e-07 3.36817e-02
11 -632409.30004 81.34364 2.73025e-06 8.91309e-02
22 -629296.22366 82.16530 2.66056e-06 8.73807e-02
14 -632122.25613 82.11696 2.68217e-06 1.09169e-01
15 -630610.85421 81.63364 2.94966e-06 1.16348e-01
11 -635114.08521 81.73030 2.34037e-06 9.97994e-02
18 -631521.65856 81.73030 3.70415e-06 8.76737e-02
14 -631992.69933 81.44031 2.69401e-06 1.09920e-01
17 -631044.49990 81.63364 2.86494e-06 1.10320e-01
14 -628893.87394 82.16530 1.59716e-06 4.83775e-02
17 -631262.37452 82.06863 1.24367e-06 2.10000e-02
17 -632566.02330 81.53697 3.29317e-06 4.91292e-02
12 -630199.84154 81.92363 2.64272e-06 1.07614e-01
19 -630552.25145 82.16530 5.77202e-07 3.33085e-02
21 -629528.09953 82.26196 3.01418e-06 1.12517e-01
22 -629049.02333 81.82697 3.07753e-06 1.23578e-01
16 -633837.30526 77.42871 1.32073e-06 4.49435e-02
18 -629941.38451 81.92363 2.13093e-06 8.65664e-02
18 -631454.81413 81.48864 3.91557e-06 9.97490e-02
16 -630059.39186 81.87530 2.50794e-06 9.91159e-02
21 -632399.61143 81.63364 5.95503e-07 2.26380e-02
36 -629096.47531 81.68197 1.50383e-06 4.75332e-02
26 -630518.25264 82.11696 6.30384e-07 3.41125e-02
15 -629779.10870 82.16530 4.88107e-07 3.08824e-02
22 -630343.49454 82.16530 1.97622e-06 9.67337e-02
15 -630272.57035 81.97197 2.86557e-06 1.01904e-01
14 -631890.98286 79.79700 1.96067e-06 5.66703e-02
16 -630114.04204 82.11696 5.14696e-07 2.78564e-02
17 -633095.68092 79.12035 2.51564e-06 1.11968e-01
22 -630105.52061 82.35863 2.72098e-06 1.11081e-01
12 -633013.90055 82.26196 2.05425e-06 1.00321e-01
14 -629639.75769 82.26196 1.62732e-06 4.93362e-02
13 -631804.97563 81.73030 2.78326e-06 9.24334e-02
21 -629735.27422 81.63364 2.49233e-06 1.01765e-01
24 -629599.64699 82.35863 2.98357e-06 1.10832e-01
13 -633105.07559 81.87530 2.30472e-06 8.74229e-02
26 -630536.60117 81.24698 2.98315e-06 1.11588e-01
23 -628816.61173 82.50362 1.59089e-06 5.01433e-02
20 -630027.25964 82.31029 1.59548e-06 5.50438e-02
12 -630169.02995 81.97197 2.55921e-06 3.44727e-02
17 -631862.55497 81.58531 1.33518e-06 2.84592e-02
32 -631403.40802 81.68197 2.14672e-06 4.84040e-02
