
mlelda
26.000000 -617144.601640 83.180280
BS samples: 376
MC std err: 0.037644
18.8803191489 -630926.5130693086 81.7597398138 0.0000022649 0.0780866041
5.7458621471 1391.1370802548 0.7299476942 0.0000009868 0.0314761405


vblda
78.000000 -626159.889930 83.470280
BS samples: 500
MC std err: 0.052113
107.8280000000 -679751.6191287603 81.9934261800 0.0000009110 0.1047679433
13.9517173136 1407.9556968731 1.1652756328 0.0000003032 0.0393621972


gibbslda
259.000000 -614642.532410 86.176900 0.034749 2650.000000
BS samples: 52
MC std err: 0.038674
354.6730769231 -636983.8741328845 83.8996919231 0.0000023156 0.0767291788 0.0347849846 3089.4230769231
85.9502810560 1322.0356829466 0.2788855596 0.0000007319 0.0257552215 0.0001266427 696.0283301637


cgibbslda
292.000000 -614841.234030 89.270180 0.034979 2900.000000
BS samples: 227
MC std err: 0.049868
209.8458149780 -634959.4625983704 85.9831403965 0.0000015620 0.0729199196 0.0346403696 1935.2422907489
110.3297740701 1301.7528026021 0.7513434111 0.0000008110 0.0364453463 0.0002436210 1004.6106521636


