96 -680099.95581 81.82697 1.30780e-06 1.49090e-01
100 -680158.48891 82.21363 1.08713e-06 1.30701e-01
91 -679949.82267 81.97197 1.21518e-06 1.31310e-01
104 -679246.08283 82.02030 1.08934e-06 1.18278e-01
96 -678800.43846 82.26196 5.42756e-07 9.31381e-02
93 -678548.44978 82.21363 1.08994e-06 1.31344e-01
125 -679678.82310 81.92363 7.78487e-07 4.68953e-02
109 -679673.68759 82.02030 1.21628e-06 1.47287e-01
94 -678764.83393 82.16530 7.38547e-07 3.62074e-02
102 -680090.02782 81.63364 1.25125e-06 1.30605e-01
100 -678282.03310 82.02030 6.51980e-07 1.97609e-02
96 -677819.52603 82.79362 1.00437e-06 9.88038e-02
99 -682516.84680 82.35863 1.33232e-06 1.59205e-01
101 -681454.97918 82.40696 7.12041e-07 6.70577e-02
101 -681658.61167 74.72209 3.63398e-07 3.15104e-02
100 -679226.57029 82.31029 3.84081e-07 4.82762e-02
111 -679164.31903 82.35863 1.19200e-06 1.40073e-01
107 -684863.49852 82.02030 6.18000e-07 4.00916e-02
108 -682518.28261 82.11696 5.45808e-07 2.40449e-02
148 -678920.91244 82.06863 1.10092e-06 1.27070e-01
106 -679157.95995 82.26196 1.00026e-06 1.10258e-01
167 -680836.51892 82.40696 7.71469e-07 4.76044e-02
124 -682007.48862 82.26196 1.84765e-07 3.24624e-02
111 -678928.15947 82.40696 1.30466e-06 1.47798e-01
112 -680402.45866 82.35863 1.16262e-06 1.16114e-01
92 -680090.72175 82.26196 1.11335e-06 1.15557e-01
101 -679059.58714 82.21363 1.03169e-06 1.28055e-01
137 -682676.26618 81.68197 7.52221e-07 1.36444e-01
90 -677390.50401 82.35863 6.08472e-07 1.18924e-01
88 -677806.22284 82.21363 6.45684e-07 1.22955e-01
101 -679258.33126 81.97197 1.30526e-06 1.47916e-01
102 -680992.30844 82.45529 7.26456e-07 1.36733e-01
98 -678662.81688 82.64862 1.11471e-06 1.07225e-01
90 -678250.32118 81.87530 1.10032e-06 1.19984e-01
93 -679489.79161 82.31029 1.13180e-06 1.24241e-01
102 -679671.72599 82.35863 3.08661e-07 5.27695e-02
100 -678356.51254 82.21363 1.52329e-07 1.71070e-02
98 -681535.15858 82.50362 6.57554e-07 2.45408e-02
96 -678113.58774 82.74529 6.09713e-07 1.18211e-01
95 -678984.15489 82.93862 1.02376e-06 1.29766e-01
99 -678492.14722 82.11696 1.07599e-06 1.23985e-01
96 -678433.40617 82.45529 7.22032e-07 1.36491e-01
106 -677642.28260 82.35863 8.04977e-08 4.41238e-03
106 -679071.50867 82.16530 1.19178e-06 1.45955e-01
125 -679717.12725 82.26196 1.17023e-06 1.29232e-01
116 -681607.18109 82.11696 1.22519e-06 1.30229e-01
94 -677777.16946 82.93862 1.19034e-06 1.32152e-01
114 -681436.88328 81.92363 2.37669e-07 4.04015e-02
100 -680164.94569 82.40696 7.36730e-07 1.35615e-01
99 -680662.09881 82.02030 1.18884e-06 1.24844e-01
96 -678426.88512 82.45529 7.99401e-08 4.27947e-03
149 -678804.19605 82.16530 1.20303e-06 1.32062e-01
105 -682454.58815 81.92363 9.20838e-07 1.15740e-01
102 -680930.54215 81.87530 8.11483e-07 1.24318e-01
91 -677801.54343 82.21363 1.07355e-06 1.23528e-01
103 -679411.66409 82.11696 1.19445e-06 1.19877e-01
111 -679537.21936 82.02030 1.30855e-06 1.41313e-01
93 -679178.50740 82.26196 6.99812e-07 3.34872e-02
101 -679169.67952 81.97197 1.17720e-06 1.28543e-01
99 -678379.78528 81.97197 1.19506e-06 1.30402e-01
104 -679464.14249 82.11696 4.09998e-07 7.21038e-02
106 -679424.95137 81.97197 7.76402e-07 1.41044e-01
107 -678743.62469 82.16530 1.18088e-06 1.40538e-01
109 -678366.23983 82.31029 1.11334e-06 1.28683e-01
110 -684318.92588 82.26196 9.32455e-07 1.13802e-01
95 -678593.09951 82.45529 5.45757e-07 9.38831e-02
112 -680105.34187 82.16530 1.20575e-06 1.40520e-01
96 -679687.24257 82.55196 9.85059e-07 1.00458e-01
91 -677721.39547 82.50362 1.06900e-06 1.23651e-01
138 -679997.35286 82.21363 1.07833e-06 1.20395e-01
116 -678442.01924 82.40696 1.06613e-06 1.12345e-01
93 -677770.79207 82.35863 6.98311e-07 1.29509e-01
99 -678767.39535 82.21363 1.29152e-06 1.49185e-01
92 -678951.07749 82.50362 1.05961e-06 1.25011e-01
95 -680052.87811 82.26196 1.05639e-06 1.12621e-01
126 -684284.75515 81.58531 1.03912e-06 1.40011e-01
95 -678461.13169 82.60029 6.87232e-07 2.50963e-02
120 -683081.16908 76.17206 9.49019e-07 1.26965e-01
121 -680568.60978 81.97197 2.79699e-07 5.09277e-02
108 -681201.78342 76.02707 1.01257e-06 1.40451e-01
103 -678554.83743 82.21363 9.69132e-07 1.06737e-01
105 -678898.35031 82.35863 1.26658e-06 1.44795e-01
100 -679521.68328 82.21363 7.18767e-07 4.23699e-02
114 -678895.03070 82.06863 1.18881e-06 1.44333e-01
119 -679288.61332 82.11696 7.98653e-07 1.41822e-01
115 -679447.36369 82.50362 1.06962e-06 1.26398e-01
116 -683343.15417 82.45529 9.23172e-07 1.05175e-01
128 -681861.16902 82.26196 1.18053e-06 1.37289e-01
98 -680067.47264 82.11696 1.20105e-06 1.53314e-01
113 -680386.00906 82.26196 1.19743e-06 1.27987e-01
111 -679682.28562 81.82697 1.19149e-06 1.43165e-01
98 -679207.44424 81.92363 7.83193e-07 5.46278e-02
103 -682226.49197 82.26196 8.70033e-07 1.36870e-01
151 -680821.97114 81.77864 8.90402e-07 5.22530e-02
105 -678715.82517 82.11696 3.33512e-07 5.46238e-02
138 -680449.10090 81.97197 1.09896e-06 1.17331e-01
97 -679825.10275 82.02030 7.53006e-07 3.53860e-02
110 -680515.10738 82.45529 3.48842e-07 5.69570e-02
96 -678114.20044 81.97197 1.04705e-06 1.35981e-01
114 -679398.42851 82.02030 1.11835e-06 1.17305e-01
98 -680151.97769 82.35863 1.09439e-06 1.23427e-01
98 -679203.44368 82.21363 2.58287e-07 4.91249e-02
136 -679326.42228 82.21363 2.20887e-07 1.62867e-02
100 -679886.11193 81.77864 7.29919e-07 1.35901e-01
118 -678739.17725 82.31029 2.86058e-07 5.18744e-02
106 -680040.52354 81.97197 1.22521e-06 1.40112e-01
106 -679642.04792 81.87530 1.17649e-06 1.30943e-01
108 -682770.00656 82.21363 1.11434e-06 1.30361e-01
114 -678018.94415 82.84195 1.02225e-06 1.26011e-01
105 -680847.27578 79.26535 8.80699e-07 1.31419e-01
112 -682505.73626 82.11696 1.16231e-06 1.35128e-01
99 -678885.25892 81.77864 1.21878e-06 1.47146e-01
103 -680770.55855 82.55196 7.80350e-07 5.54909e-02
96 -678171.77063 82.60029 2.14825e-07 4.24737e-02
98 -677783.22134 82.84195 1.11807e-06 1.30791e-01
101 -680388.22254 82.26196 1.30412e-06 1.55425e-01
103 -679901.08169 82.06863 7.39607e-07 1.35123e-01
139 -679965.41740 81.77864 1.20597e-06 1.20166e-01
115 -684495.23653 82.16530 6.67719e-07 5.32092e-02
91 -678894.08892 82.74529 1.08182e-06 1.31466e-01
119 -681266.29744 82.40696 7.66608e-07 1.38896e-01
90 -679033.96662 82.55196 1.19377e-06 1.32096e-01
100 -680424.83908 82.21363 1.17336e-06 1.29736e-01
98 -679537.05140 82.69696 9.07343e-07 8.41811e-02
135 -679836.99536 82.31029 1.07773e-06 1.23120e-01
95 -678474.02838 81.87530 7.50235e-07 1.35075e-01
127 -683149.10500 81.87530 1.18592e-06 1.26206e-01
92 -679012.04329 82.60029 1.10754e-06 1.31077e-01
95 -677797.16065 82.26196 6.07836e-07 1.18434e-01
100 -682282.53495 82.45529 8.15344e-07 1.29194e-01
97 -678559.11543 82.26196 6.51492e-07 1.91465e-02
101 -680707.41955 82.21363 3.34154e-07 5.94338e-02
108 -679625.85760 81.97197 7.93119e-07 5.65845e-02
90 -677718.02812 82.06863 9.61567e-07 1.05596e-01
120 -680616.28912 82.21363 1.08497e-06 1.39928e-01
122 -681130.97550 82.55196 3.62786e-07 6.36360e-02
101 -681954.28535 82.21363 1.21181e-06 1.59053e-01
106 -678091.04445 82.26196 1.05376e-06 1.27803e-01
98 -679848.16459 82.06863 1.09874e-06 1.17451e-01
100 -679216.50738 82.26196 9.42417e-07 1.15764e-01
109 -681321.26923 81.97197 3.08456e-07 5.50534e-02
108 -680043.81941 81.97197 7.03206e-07 1.16161e-01
95 -677621.73491 82.16530 1.07089e-06 1.24226e-01
102 -678371.16569 82.06863 7.54775e-07 4.85719e-02
101 -678034.82300 82.21363 1.21601e-06 1.48371e-01
120 -681036.94057 82.16530 8.07939e-07 1.50232e-01
90 -678487.93439 83.27695 1.17833e-06 1.31767e-01
95 -678221.11934 82.79362 9.89011e-07 1.01069e-01
95 -677984.32356 82.98695 1.10190e-06 1.29458e-01
107 -678003.48587 81.68197 1.17550e-06 1.41932e-01
98 -681417.84620 82.16530 1.17062e-06 1.17313e-01
120 -679185.90144 82.40696 7.03201e-07 1.29171e-01
101 -680782.30750 82.11696 2.28035e-07 4.07955e-02
114 -680245.19604 82.55196 1.05354e-06 1.31647e-01
99 -679281.38694 81.92363 7.52789e-07 1.37023e-01
110 -682405.78118 82.02030 9.00529e-07 1.06976e-01
95 -679385.49734 82.31029 6.22420e-07 1.05074e-01
110 -681252.83119 78.73369 1.07105e-06 1.29665e-01
99 -680457.02005 82.11696 8.13379e-07 5.33856e-02
94 -678212.09567 82.02030 1.12134e-06 1.07480e-01
95 -678330.55102 82.31029 8.81680e-07 9.30181e-02
107 -678303.76249 81.97197 9.81013e-07 5.83717e-02
106 -679426.82853 81.97197 2.92493e-07 4.03358e-02
94 -678825.78125 82.31029 8.18327e-08 4.23830e-03
125 -679755.79585 82.31029 9.49250e-07 1.19120e-01
106 -678918.70091 82.40696 7.07847e-07 4.28166e-02
101 -680595.30685 82.21363 1.15708e-06 1.35572e-01
108 -679541.02348 82.50362 1.13152e-06 1.40807e-01
96 -679487.01686 82.11696 1.21077e-06 1.47236e-01
89 -677752.30851 81.97197 1.17823e-06 1.31323e-01
108 -680214.18291 81.82697 9.86532e-07 1.17495e-01
96 -677900.47647 82.26196 1.02176e-06 1.16057e-01
100 -680452.20159 82.40696 1.29103e-06 1.21794e-01
137 -678732.49205 82.84195 1.03752e-06 1.03924e-01
101 -679100.74900 82.40696 8.40620e-07 6.05169e-02
104 -678029.30702 82.06863 6.93226e-07 2.47147e-02
94 -678138.90573 82.55196 6.55860e-07 1.94391e-02
103 -679314.92016 82.69696 1.13345e-06 1.28980e-01
107 -680876.23554 81.68197 7.16616e-07 1.16472e-01
117 -679812.58566 82.31029 1.11934e-06 1.26597e-01
108 -679111.13200 82.31029 6.87979e-07 2.48638e-02
112 -681733.09436 82.02030 2.88806e-07 4.09187e-02
107 -680655.85857 81.92363 1.13393e-06 1.22614e-01
103 -678645.55861 82.21363 7.32712e-07 1.36280e-01
105 -680062.23828 82.21363 1.25920e-06 1.43429e-01
109 -678405.24827 82.21363 8.78537e-07 9.38463e-02
110 -678821.95262 82.06863 8.49376e-07 5.58911e-02
98 -678264.00154 82.21363 1.44675e-07 2.85553e-02
103 -679097.97398 81.97197 1.25005e-06 1.41982e-01
103 -679298.76470 82.50362 1.12681e-06 1.07218e-01
94 -678613.15587 82.50362 1.06805e-06 1.24637e-01
103 -681547.86652 82.02030 8.40368e-07 4.99654e-02
115 -682578.28126 78.97535 8.35408e-07 1.14119e-01
137 -679815.68940 82.26196 1.21488e-06 1.43755e-01
98 -678551.71252 82.60029 1.10104e-06 1.31314e-01
105 -681354.82677 81.92363 3.52354e-07 4.48066e-02
107 -679438.66116 82.11696 2.54927e-07 3.89738e-02
103 -679636.77159 82.02030 9.27047e-07 9.98600e-02
118 -678163.26398 82.02030 1.18452e-06 1.34755e-01
99 -677909.07636 82.11696 1.28121e-06 1.43937e-01
100 -680127.74764 82.16530 6.25686e-07 1.03751e-01
102 -677837.31876 81.87530 7.51312e-07 4.73293e-02
112 -680884.73353 82.40696 1.03799e-06 9.60872e-02
112 -681598.33652 82.16530 1.15352e-06 1.39289e-01
112 -679315.01313 81.92363 9.70454e-08 1.12348e-02
99 -678475.69709 81.97197 1.10361e-06 1.41228e-01
103 -679531.61400 81.77864 1.10295e-06 1.34181e-01
99 -678656.65620 82.40696 7.78340e-07 5.64381e-02
103 -678764.26079 82.84195 9.91355e-07 1.01140e-01
104 -677674.14727 82.11696 1.30706e-06 1.49915e-01
99 -676683.85663 82.16530 6.24143e-07 1.16530e-01
91 -679035.42291 82.21363 1.28124e-06 1.32948e-01
138 -680999.51884 81.97197 7.67116e-07 4.94127e-02
105 -680273.93943 82.45529 1.32710e-06 1.58864e-01
94 -678918.50670 82.35863 8.78117e-07 9.31515e-02
117 -679720.46366 82.02030 1.03723e-06 1.28390e-01
98 -678087.27573 82.35863 2.18604e-07 4.14013e-02
110 -680449.50716 79.21701 9.51017e-07 1.09517e-01
139 -681870.00663 81.77864 1.35079e-06 1.25594e-01
103 -677112.04962 82.50362 6.42936e-07 1.92382e-02
104 -679254.02870 81.53697 7.25431e-07 1.35920e-01
107 -679630.43451 82.45529 1.18600e-06 1.31880e-01
137 -680421.70626 79.60367 1.15246e-06 1.43264e-01
101 -680548.05361 82.02030 3.59067e-07 6.78306e-02
114 -680472.46183 78.39536 8.93605e-07 1.23178e-01
114 -678826.29843 82.02030 1.22298e-06 1.08758e-01
113 -680628.03114 82.16530 1.18694e-06 1.17666e-01
94 -677400.87284 82.45529 7.12600e-07 4.43996e-02
93 -678210.58025 82.64862 9.51092e-07 1.05293e-01
103 -679925.16731 81.92363 1.17624e-06 1.19153e-01
101 -679462.87632 82.31029 1.32096e-06 1.42645e-01
113 -679947.01823 82.21363 6.31338e-07 1.13359e-01
94 -679066.22189 82.55196 5.56311e-07 9.21719e-02
98 -678503.36652 82.11696 8.71677e-07 6.71519e-02
114 -679750.52353 82.40696 1.15382e-06 1.29714e-01
111 -681346.13406 81.58531 8.59103e-07 6.79618e-02
102 -678725.98921 81.92363 7.77219e-07 5.50007e-02
109 -683129.51264 82.40696 5.55571e-07 2.66750e-02
140 -679928.47563 82.16530 9.47153e-07 1.18617e-01
114 -679400.08487 81.92363 1.23193e-06 1.48456e-01
104 -678667.15333 82.60029 7.82587e-07 3.98977e-02
90 -678272.64987 81.73030 6.02650e-07 1.07284e-01
90 -678795.48915 82.26196 6.47637e-07 1.24042e-01
92 -676504.48411 82.21363 6.49355e-07 1.23319e-01
97 -681306.07267 82.45529 1.18942e-06 1.22721e-01
132 -678736.52772 81.87530 1.06673e-06 1.13214e-01
109 -678994.32187 82.60029 7.71938e-07 5.65975e-02
105 -679961.00901 82.21363 1.14545e-06 1.23854e-01
101 -678180.65216 82.16530 1.17815e-06 1.20038e-01
96 -680785.58146 82.21363 1.09371e-06 1.17124e-01
112 -678887.76252 81.97197 1.02693e-06 1.17833e-01
95 -679068.04634 82.21363 7.37676e-07 1.42294e-01
118 -682573.28477 81.92363 9.42529e-07 1.23285e-01
185 -682958.45880 82.16530 1.21413e-06 1.28252e-01
102 -680435.42727 81.92363 1.04859e-06 1.23624e-01
94 -677702.19092 82.69696 1.10626e-06 1.30997e-01
121 -682168.45513 74.62542 9.57722e-07 1.20362e-01
130 -678958.33682 81.77864 7.03893e-07 1.18517e-01
112 -680573.41202 81.87530 3.39908e-07 5.47687e-02
98 -680050.11461 82.64862 2.00620e-07 2.12902e-02
115 -678822.80628 82.26196 1.27610e-06 1.30387e-01
96 -679648.03468 82.64862 1.08538e-06 1.17987e-01
97 -678308.47122 82.11696 2.13516e-07 4.21251e-02
116 -683292.14250 82.11696 9.21908e-07 1.42568e-01
105 -680051.69470 80.08700 1.02255e-06 1.36538e-01
107 -680725.17633 81.87530 6.62774e-07 5.98547e-02
113 -681461.99157 82.45529 8.31589e-07 1.26343e-01
95 -678402.28497 82.26196 1.10028e-06 1.30687e-01
115 -680970.33048 82.26196 8.55413e-07 1.50801e-01
154 -681169.71326 82.02030 1.45813e-06 1.17025e-01
117 -679908.13331 82.93862 1.10763e-06 1.15169e-01
109 -679824.17978 82.35863 1.17149e-06 1.30322e-01
113 -678546.37957 82.55196 6.97557e-07 1.26830e-01
113 -679620.43094 79.60367 5.61855e-07 4.44339e-02
122 -679998.79513 82.45529 8.13785e-07 4.84777e-02
114 -679289.68210 82.26196 8.64913e-07 6.70943e-02
108 -682778.83834 82.16530 9.04874e-07 1.08711e-01
121 -680788.82057 81.73030 7.85079e-07 1.44572e-01
124 -681793.20748 79.89367 1.26891e-06 1.46715e-01
111 -680016.40603 76.22040 8.61750e-07 1.21272e-01
135 -683645.85302 81.00532 7.12504e-07 1.14020e-01
101 -678495.55082 82.16530 1.14760e-06 1.22501e-01
149 -680716.42518 81.87530 1.05073e-06 1.13837e-01
130 -680486.65265 82.11696 7.22903e-07 1.24982e-01
118 -679517.97452 81.77864 1.29302e-06 1.21162e-01
95 -678095.02054 82.35863 1.03578e-06 1.05324e-01
104 -680626.94422 83.03528 1.08482e-06 1.09436e-01
127 -681716.35214 82.60029 1.20016e-06 1.44796e-01
112 -680948.70266 82.11696 1.99462e-07 2.51963e-02
124 -678133.26810 81.97197 1.05121e-06 1.08413e-01
102 -678105.99087 82.40696 1.29849e-06 1.50206e-01
104 -680307.10387 82.35863 1.12728e-06 1.13131e-01
102 -680942.77773 81.73030 1.33220e-06 1.58983e-01
119 -678094.45922 82.21363 6.49406e-07 1.23162e-01
107 -679763.61113 82.02030 8.90771e-07 7.54563e-02
106 -680323.91991 82.06863 1.06296e-06 1.06586e-01
105 -680402.08915 82.35863 3.51968e-07 8.08375e-02
117 -679688.65806 82.06863 2.95029e-07 5.27185e-02
111 -678564.16637 81.87530 1.21491e-06 1.41569e-01
97 -678309.10934 83.13195 7.92895e-08 4.16489e-03
103 -680486.31274 82.16530 6.53491e-07 1.18477e-01
105 -679461.82101 82.40696 1.07101e-06 1.11846e-01
104 -678207.10794 82.55196 1.19390e-06 1.31445e-01
104 -677792.70465 82.40696 3.37112e-07 5.95901e-02
115 -679589.90916 82.11696 1.12461e-06 1.06861e-01
167 -678917.86496 82.06863 1.13972e-06 1.05127e-01
127 -679501.97995 82.35863 1.18893e-06 1.46761e-01
119 -678468.49518 82.45529 6.42166e-07 1.94891e-02
121 -678296.57547 82.40696 7.52934e-07 1.34838e-01
132 -679807.78810 81.87530 7.80184e-07 4.94123e-02
156 -682422.65598 82.40696 8.07799e-07 1.33479e-01
103 -678171.71243 81.58531 6.51386e-07 2.49687e-02
96 -679793.04890 82.45529 7.90846e-07 1.45246e-01
130 -680428.17730 82.11696 1.19673e-06 1.39730e-01
89 -680581.71964 82.50362 6.80201e-07 1.22323e-01
119 -679964.66464 82.26196 1.03093e-06 1.14254e-01
100 -679658.21580 82.26196 1.06301e-06 1.23252e-01
107 -680616.54934 82.16530 1.07325e-06 1.10909e-01
107 -677905.69070 82.11696 1.02438e-06 1.27718e-01
119 -679038.72392 82.02030 1.25084e-06 1.42860e-01
90 -678701.70487 82.50362 1.01276e-06 1.29220e-01
94 -678853.36818 82.40696 1.21864e-06 1.49830e-01
129 -681402.50256 82.40696 1.13567e-06 1.36520e-01
101 -680102.78934 82.26196 1.03890e-06 1.10538e-01
100 -680312.86911 82.16530 1.08340e-06 1.17402e-01
145 -682306.62485 82.11696 1.23815e-06 1.44742e-01
103 -680467.21717 78.68536 6.51850e-07 4.72606e-02
113 -679048.55007 82.40696 7.42798e-07 1.35224e-01
96 -678187.90356 82.06863 1.02245e-06 9.89810e-02
105 -681094.59132 82.45529 1.06436e-06 1.10622e-01
100 -679362.38962 82.35863 1.20281e-07 9.43849e-03
151 -681836.33195 81.97197 9.99284e-07 1.13390e-01
102 -680854.49620 82.21363 1.12837e-06 1.30738e-01
105 -680645.68798 82.16530 1.18180e-06 1.30855e-01
106 -679648.34751 82.26196 1.11436e-06 1.29541e-01
99 -679116.89249 81.92363 1.10242e-06 1.41146e-01
95 -680282.88853 82.64862 1.14128e-06 1.06828e-01
98 -679647.40740 82.35863 1.12206e-06 1.05422e-01
94 -677912.17439 82.40696 1.06230e-06 1.25599e-01
95 -680952.95173 82.11696 1.22538e-06 1.09413e-01
100 -681334.54804 74.48043 1.10347e-06 1.44943e-01
98 -680489.80706 81.87530 5.85445e-07 1.01034e-01
110 -680784.73502 82.21363 1.20103e-06 1.46683e-01
97 -679365.59631 82.50362 1.20446e-06 1.29966e-01
133 -679788.65251 81.73030 1.25555e-06 1.36747e-01
120 -680501.35593 82.11696 1.07389e-06 1.27766e-01
119 -680399.79679 81.77864 1.20077e-06 1.17321e-01
122 -679322.19766 82.35863 8.58805e-07 1.25265e-01
103 -678721.30932 82.11696 1.24243e-06 1.46305e-01
114 -681088.86561 82.06863 1.21804e-06 1.16192e-01
97 -680317.34059 82.35863 1.19384e-06 1.29558e-01
110 -678491.65377 81.63364 7.48438e-07 1.34490e-01
114 -680190.44047 81.82697 1.10682e-06 1.21046e-01
89 -678995.75821 82.60029 8.76499e-07 9.26440e-02
118 -679901.40324 82.21363 2.38271e-07 4.25147e-02
109 -680302.22689 75.10875 5.84687e-07 4.82092e-02
107 -681819.03804 83.08362 3.37617e-07 4.07975e-02
94 -678023.69779 82.50362 1.25768e-06 1.31605e-01
89 -678191.82807 82.16530 1.18321e-06 1.31524e-01
105 -678122.23247 82.64862 1.03362e-06 1.22620e-01
116 -678363.36164 81.92363 1.26991e-06 1.05548e-01
90 -679048.10890 82.35863 6.56778e-07 1.23266e-01
131 -681138.93827 81.73030 6.84102e-07 1.12451e-01
103 -680536.83021 81.48864 1.05763e-06 1.23252e-01
96 -678675.20925 82.16530 7.30501e-07 3.69333e-02
106 -679105.20738 82.11696 1.07812e-06 1.15283e-01
121 -681855.30930 82.02030 1.15717e-06 1.31929e-01
93 -678318.14624 82.55196 1.19411e-06 1.30826e-01
121 -679986.84230 82.40696 1.25333e-06 1.38378e-01
115 -681064.35872 82.31029 6.54176e-07 5.65855e-02
121 -682101.43410 81.58531 8.85556e-07 7.55554e-02
110 -680391.10725 82.40696 2.34238e-07 4.01311e-02
109 -680621.89056 81.15031 5.73832e-07 2.90115e-02
123 -679573.62762 82.16530 6.54663e-07 1.10868e-01
112 -680785.75450 81.97197 1.24955e-06 1.30713e-01
104 -678292.03154 82.35863 5.90030e-07 9.93030e-02
97 -679993.82764 82.21363 1.14652e-06 1.22720e-01
99 -682704.05977 82.60029 9.52453e-07 1.32785e-01
107 -679513.59231 82.21363 1.31723e-06 1.50377e-01
121 -679032.65553 82.31029 1.16803e-06 1.41097e-01
107 -678992.26780 82.16530 1.13466e-06 1.17991e-01
121 -680884.75293 82.11696 1.06623e-06 1.27228e-01
98 -680500.27250 82.35863 1.08655e-06 1.29050e-01
98 -678837.71303 82.69696 6.60032e-07 1.68952e-02
98 -680355.03480 82.31029 1.02925e-06 1.05901e-01
100 -680803.29928 82.21363 1.03674e-06 1.04317e-01
106 -680978.33825 82.31029 6.97480e-07 2.87158e-02
100 -678760.49795 81.97197 1.13855e-06 1.39172e-01
108 -680670.19995 81.92363 1.13949e-06 1.29873e-01
94 -680299.72895 82.45529 7.45390e-07 3.45272e-02
95 -677792.18830 81.97197 1.06746e-06 1.25258e-01
110 -679582.20529 82.35863 1.02076e-06 1.04194e-01
100 -679926.30327 82.26196 1.09786e-06 1.17667e-01
100 -680248.19417 82.45529 8.55795e-07 6.62613e-02
101 -681969.61131 74.67376 8.70816e-07 1.27051e-01
92 -678049.61988 82.84195 1.03975e-06 1.06118e-01
101 -677884.36175 82.02030 1.18531e-06 1.42685e-01
111 -680390.10917 82.21363 7.45958e-07 1.34052e-01
115 -678757.53463 82.26196 2.75136e-07 4.66301e-02
103 -677898.93942 82.35863 7.94949e-07 5.54336e-02
128 -683262.98418 81.53697 9.69027e-07 1.16195e-01
136 -681263.35984 81.87530 2.53163e-07 4.17231e-02
104 -678359.46780 82.31029 1.09038e-06 1.27727e-01
99 -678824.59774 82.40696 7.12249e-07 3.89712e-02
108 -679751.27984 81.68197 2.33307e-07 2.78166e-02
97 -682041.36233 82.06863 9.35049e-07 1.30789e-01
96 -681983.27501 82.16530 5.30661e-07 2.30438e-02
113 -679351.99880 82.06863 1.12670e-06 1.10859e-01
119 -680240.37932 82.16530 1.30121e-06 1.40782e-01
106 -680361.78044 82.02030 1.32579e-06 1.47216e-01
106 -679648.89564 82.06863 2.25559e-07 3.19938e-02
102 -680635.73101 82.11696 2.75885e-07 5.44388e-02
98 -679798.70101 82.74529 1.09727e-06 1.27921e-01
119 -680443.22628 82.11696 7.40813e-07 1.35739e-01
98 -679880.21647 82.45529 1.17527e-06 1.40331e-01
92 -678517.78162 82.69696 1.11891e-06 1.07210e-01
90 -678272.63999 82.26196 6.55635e-07 1.23492e-01
117 -680743.78379 82.45529 1.34492e-06 1.57700e-01
120 -681351.69224 82.21363 7.32393e-07 1.32864e-01
88 -679172.68322 82.45529 1.11551e-06 1.30787e-01
110 -683426.20822 76.02707 1.01779e-06 1.17326e-01
118 -678549.40740 81.82697 1.22635e-06 1.47886e-01
110 -680068.31003 81.58531 9.00492e-07 1.04197e-01
94 -677432.19776 82.50362 1.11899e-06 1.06492e-01
103 -679292.87621 82.11696 1.11044e-06 1.23953e-01
111 -679892.16751 82.02030 5.95494e-07 1.80138e-02
114 -680344.76572 82.26196 1.71881e-07 1.58769e-02
102 -677578.56128 82.55196 1.19612e-06 1.28841e-01
94 -678404.34741 82.79362 1.12547e-06 1.07097e-01
98 -680423.60447 82.02030 1.09965e-06 1.10382e-01
119 -681945.45718 82.45529 1.12954e-06 1.26915e-01
102 -680802.19936 74.62542 9.48599e-07 1.24656e-01
90 -678021.23308 82.02030 7.20360e-07 4.24941e-02
102 -678108.89455 82.50362 6.49828e-07 1.11515e-01
145 -681160.06427 82.02030 1.13575e-06 1.54219e-01
104 -679607.38815 81.97197 1.18771e-06 1.23994e-01
99 -682560.80144 82.02030 8.21606e-07 1.01285e-01
98 -679961.59628 82.06863 8.70199e-07 6.76903e-02
98 -677464.62500 82.40696 1.10684e-06 1.07180e-01
97 -678760.80018 82.40696 7.79644e-07 4.80214e-02
105 -680411.56738 81.87530 7.94123e-07 1.44541e-01
116 -679885.62994 82.60029 6.44392e-07 2.01701e-02
95 -679490.40465 82.16530 7.30310e-07 1.40055e-01
106 -677870.49142 82.74529 7.56131e-07 4.53928e-02
106 -678709.81795 82.40696 8.82143e-07 6.72599e-02
115 -678925.84309 82.26196 8.35902e-07 6.10150e-02
123 -681450.89498 81.87530 9.47274e-07 1.29872e-01
108 -679895.97598 81.73030 1.22388e-06 1.40590e-01
137 -679735.40883 82.02030 1.10255e-06 1.35862e-01
91 -680790.21123 81.92363 7.84516e-07 4.74938e-02
119 -679919.07213 82.02030 1.14679e-06 1.52445e-01
100 -678032.68431 82.35863 7.42208e-07 1.34428e-01
97 -678449.82130 82.06863 6.22395e-07 1.16800e-01
110 -678125.32386 82.06863 2.16793e-07 2.90778e-02
111 -681575.27506 82.31029 9.03983e-07 7.63259e-02
129 -680826.06092 82.16530 7.55280e-07 1.40490e-01
100 -679124.39035 82.74529 6.62923e-07 1.09939e-01
95 -679636.49754 82.45529 1.17501e-06 1.18120e-01
141 -679079.75590 82.69696 1.17961e-06 1.39475e-01
107 -679382.68701 81.87530 1.20775e-06 1.19797e-01
94 -678413.35219 82.50362 7.32695e-07 4.13693e-02
108 -680680.65598 82.45529 1.15987e-06 1.33381e-01
93 -678351.09520 82.50362 1.10155e-06 1.29394e-01
100 -679035.09599 82.16530 1.07407e-06 1.25118e-01
122 -679501.84718 81.92363 1.14063e-06 1.38763e-01
97 -678348.56976 82.40696 6.29531e-07 1.16450e-01
116 -678209.68410 82.64862 1.11562e-06 1.21688e-01
94 -679235.96316 81.82697 1.16582e-06 1.31838e-01
112 -680441.62974 82.11696 1.19765e-06 1.17204e-01
113 -681169.20499 75.25375 8.39911e-07 1.21926e-01
100 -683386.19325 81.73030 6.58503e-07 4.86119e-02
120 -682869.93415 76.26873 6.21951e-07 5.96055e-02
141 -678911.36036 82.02030 8.23624e-07 6.18062e-02
96 -677565.97070 82.45529 7.52965e-07 4.94088e-02
107 -678594.73396 82.02030 5.49874e-07 9.47479e-02
116 -678860.62129 82.35863 1.15721e-06 1.34888e-01
133 -683450.40428 82.31029 1.09969e-06 1.24419e-01
99 -678347.21178 82.35863 1.11736e-06 1.38446e-01
99 -680736.32211 82.93862 1.11287e-06 1.17305e-01
143 -681323.89930 81.87530 1.28520e-06 1.39910e-01
93 -680036.36642 82.16530 8.20257e-07 4.88907e-02
103 -680773.09947 82.26196 7.53524e-07 3.27961e-02
107 -677761.07387 81.68197 1.19961e-06 1.39712e-01
101 -680830.86374 82.02030 3.30246e-07 6.40449e-02
103 -678417.27967 81.82697 1.27081e-06 1.43869e-01
110 -679240.10212 82.26196 1.03956e-06 1.16746e-01
103 -678124.64051 82.35863 2.14998e-07 4.18310e-02
104 -679598.02551 82.16530 1.17258e-06 1.11519e-01
107 -678987.66159 82.35863 7.17133e-07 1.30251e-01
101 -678354.62513 82.16530 1.21641e-06 1.46619e-01
115 -681534.58946 82.21363 1.20009e-06 1.40061e-01
118 -679709.55866 82.26196 1.05506e-06 1.07082e-01
102 -679617.17058 82.60029 1.29473e-06 1.48820e-01
95 -679034.55568 82.64862 5.62727e-07 9.23849e-02
105 -679849.14306 82.64862 7.54957e-07 1.23240e-01
159 -679587.02401 82.21363 3.08242e-07 3.77213e-02
99 -677752.85112 82.60029 5.61474e-07 9.26244e-02
106 -679083.85334 81.92363 1.14348e-06 1.42267e-01
106 -678907.23639 82.40696 8.38781e-07 6.28654e-02
156 -679921.40303 82.45529 1.19170e-06 1.22151e-01
