912 -737379.88103 98.80000 1.29494e-07 1.82242e-02 3.49582e-02 10750
1110 -737330.02881 98.90000 1.32860e-07 1.86921e-02 3.49316e-02 12900
1118 -737424.67579 98.70000 1.32048e-07 1.85141e-02 3.49703e-02 12900
1034 -737390.49507 99.50000 1.32547e-07 1.89216e-02 3.49904e-02 11900
982 -737327.53730 99.20000 1.32188e-07 1.85010e-02 3.49265e-02 11300
1019 -737164.87722 98.60000 1.30880e-07 1.81952e-02 3.49224e-02 11550
993 -737215.30714 99.00000 1.31584e-07 1.82370e-02 3.49518e-02 11700
974 -737209.77941 98.50000 1.31582e-07 1.84264e-02 3.49336e-02 11200
958 -737401.98151 98.80000 1.31166e-07 1.85570e-02 3.49903e-02 11300
1015 -737278.87108 98.60000 1.33433e-07 1.86277e-02 3.49653e-02 11650
955 -737365.11968 98.70000 1.32967e-07 1.88335e-02 3.49195e-02 10750
1042 -737498.21449 99.10000 1.31488e-07 1.86523e-02 3.49658e-02 12000
1011 -737348.25873 98.30000 1.34479e-07 1.89999e-02 3.49806e-02 12000
926 -737413.19265 98.70000 1.31314e-07 1.87750e-02 3.49192e-02 11000
912 -737369.81863 98.60000 1.30340e-07 1.84763e-02 3.49469e-02 10450
916 -737293.24387 98.50000 1.33488e-07 1.87020e-02 3.49367e-02 10550
988 -737299.04924 98.90000 1.30674e-07 1.87564e-02 3.49977e-02 11850
950 -737266.90232 98.70000 1.29001e-07 1.85290e-02 3.49376e-02 11100
913 -737263.46237 98.90000 1.28445e-07 1.80472e-02 3.49679e-02 10800
903 -737121.86617 99.00000 1.28032e-07 1.82157e-02 3.49793e-02 10600
970 -737270.00118 98.80000 1.31094e-07 1.81070e-02 3.49986e-02 11350
993 -737297.07427 98.40000 1.32187e-07 1.85530e-02 3.49394e-02 11750
1020 -737379.75550 99.00000 1.31557e-07 1.85754e-02 3.49150e-02 11650
970 -737187.29241 98.50000 1.30413e-07 1.86646e-02 3.49690e-02 10950
1058 -737398.41377 98.50000 1.30398e-07 1.86132e-02 3.49978e-02 12550
917 -737326.84450 98.80000 1.29209e-07 1.86220e-02 3.49943e-02 10550
950 -737449.25582 98.50000 1.30033e-07 1.88001e-02 3.49981e-02 10850
898 -737292.20061 99.00000 1.31599e-07 1.89468e-02 3.49573e-02 10300
988 -737253.67475 98.70000 1.29935e-07 1.83879e-02 3.49621e-02 11300
944 -737537.06139 99.10000 1.34659e-07 1.90767e-02 3.49515e-02 10800
986 -737366.47502 98.40000 1.30115e-07 1.87364e-02 3.49174e-02 11250
933 -737591.23184 98.10000 1.33425e-07 1.89793e-02 3.49969e-02 10600
982 -737252.03109 98.60000 1.31263e-07 1.86301e-02 3.49781e-02 11150
1078 -737187.45127 99.20000 1.28481e-07 1.81723e-02 3.49602e-02 12350
969 -737205.02685 98.70000 1.31286e-07 1.82217e-02 3.49872e-02 10900
953 -737161.24142 98.90000 1.29787e-07 1.81792e-02 3.49657e-02 11100
928 -737296.19671 98.80000 1.29904e-07 1.87449e-02 3.49196e-02 10900
1070 -737378.85418 98.90000 1.31340e-07 1.86171e-02 3.49430e-02 12300
906 -737473.03308 98.80000 1.34980e-07 1.88845e-02 3.49273e-02 10250
908 -737340.88234 98.40000 1.31406e-07 1.85089e-02 3.49541e-02 10150
971 -737335.71494 99.00000 1.31482e-07 1.85322e-02 3.49815e-02 11300
984 -737495.68109 98.90000 1.29489e-07 1.84100e-02 3.49535e-02 11150
948 -737360.18604 98.60000 1.32815e-07 1.88764e-02 3.49956e-02 10800
960 -737258.66250 99.20000 1.33250e-07 1.87048e-02 3.49207e-02 11200
941 -737184.48591 98.80000 1.30504e-07 1.83087e-02 3.49900e-02 10850
965 -737359.84922 98.30000 1.29316e-07 1.85114e-02 3.49837e-02 11000
936 -737340.16701 98.90000 1.30494e-07 1.84506e-02 3.49941e-02 10800
930 -737463.33803 99.20000 1.32482e-07 1.87699e-02 3.49624e-02 11000
976 -737400.92523 98.80000 1.31088e-07 1.85394e-02 3.49340e-02 11150
1083 -737331.06585 98.90000 1.32693e-07 1.83929e-02 3.49638e-02 12400
911 -737272.10679 98.60000 1.30186e-07 1.85933e-02 3.49749e-02 10500
1071 -737288.88710 98.80000 1.32895e-07 1.85268e-02 3.49561e-02 12200
