992 -733004.39599 100.00000 8.91325e-08 1.05876e-02 3.49290e-02 11450
1076 -733684.92607 99.90000 8.80244e-08 1.06954e-02 3.49987e-02 12600
1029 -738187.51454 99.80000 8.80301e-08 1.05541e-02 3.49579e-02 12100
1026 -734647.13905 100.00000 8.80068e-08 1.00033e-02 3.49919e-02 12100
1070 -730435.08479 99.90000 8.61649e-08 1.01309e-02 3.49836e-02 12600
955 -734147.13970 100.00000 8.64670e-08 1.03584e-02 3.49993e-02 11450
1020 -735435.97789 99.90000 8.77218e-08 9.97371e-03 3.49189e-02 11550
1125 -729745.28175 99.90000 8.96142e-08 1.06021e-02 3.49321e-02 12500
1099 -732487.89564 100.00000 8.44598e-08 9.87370e-03 3.49965e-02 12250
1031 -730110.83958 100.00000 8.70384e-08 1.02724e-02 3.49625e-02 11700
981 -733073.83522 100.00000 8.87419e-08 1.08057e-02 3.49457e-02 10950
965 -733371.50681 99.90000 8.61406e-08 9.97597e-03 3.49896e-02 11600
1105 -732403.41136 100.00000 8.82964e-08 1.06108e-02 3.49877e-02 12450
1022 -733353.04483 100.00000 8.58834e-08 1.00838e-02 3.49369e-02 11500
999 -737041.03524 100.00000 8.58395e-08 1.00497e-02 3.49227e-02 12000
1112 -734916.84528 99.90000 9.29307e-08 1.09354e-02 3.49965e-02 12700
1027 -729281.15222 100.00000 9.20418e-08 1.08833e-02 3.49216e-02 11600
965 -731297.40084 99.90000 9.05747e-08 1.05404e-02 3.49734e-02 11650
1069 -736490.67720 99.80000 8.77310e-08 1.01259e-02 3.49408e-02 12000
961 -730067.44296 99.90000 8.96916e-08 1.07085e-02 3.49783e-02 11250
1156 -735928.99448 100.00000 8.56583e-08 9.98124e-03 3.49689e-02 12900
1056 -731477.97751 100.00000 8.65136e-08 1.00490e-02 3.49450e-02 12150
1024 -733883.98341 99.90000 8.64135e-08 1.00754e-02 3.49235e-02 11600
1054 -733244.33317 100.00000 8.48872e-08 1.00754e-02 3.49509e-02 12700
1030 -738049.65391 100.00000 8.92871e-08 1.04796e-02 3.49549e-02 12100
1021 -731057.86211 99.90000 8.68391e-08 1.00049e-02 3.49290e-02 11400
1017 -735218.09032 99.90000 8.96291e-08 1.02313e-02 3.49932e-02 12100
1017 -735637.88209 100.00000 9.03571e-08 1.10926e-02 3.49996e-02 11400
1084 -732421.61911 99.90000 8.88793e-08 1.09344e-02 3.49457e-02 12350
1014 -736063.78411 100.00000 8.82543e-08 1.05474e-02 3.49921e-02 11400
1122 -731899.29904 99.90000 8.74964e-08 1.03451e-02 3.49504e-02 12850
1040 -734557.53110 99.90000 8.89545e-08 1.05120e-02 3.49263e-02 12450
1053 -734655.81846 99.90000 8.97810e-08 1.06539e-02 3.49379e-02 11800
968 -731725.23374 100.00000 8.93105e-08 1.02756e-02 3.49743e-02 11150
942 -735441.37829 100.00000 9.00826e-08 1.04678e-02 3.49907e-02 10800
1045 -730525.02083 100.00000 8.75317e-08 1.03618e-02 3.49770e-02 12200
1167 -734336.74308 100.00000 8.82782e-08 1.05437e-02 3.49593e-02 12800
1159 -733576.58933 100.00000 9.03725e-08 1.04232e-02 3.49790e-02 12700
1075 -729646.05226 100.00000 8.90897e-08 1.02952e-02 3.49747e-02 12200
1144 -730640.39762 100.00000 8.53267e-08 1.01108e-02 3.49389e-02 12400
1084 -734356.72996 99.90000 8.88101e-08 1.10655e-02 3.49538e-02 12150
1122 -735916.96448 100.00000 8.94681e-08 1.03936e-02 3.49525e-02 12550
1055 -734058.26722 100.00000 8.69802e-08 1.04736e-02 3.49569e-02 12200
966 -730078.74225 100.00000 8.85728e-08 1.05895e-02 3.49338e-02 11250
1013 -732351.45017 100.00000 8.83708e-08 1.05097e-02 3.49570e-02 11250
1061 -732008.71631 99.90000 8.80730e-08 1.02993e-02 3.49984e-02 12950
944 -733140.69019 100.00000 8.70690e-08 1.02213e-02 3.49755e-02 10850
959 -731226.98379 100.00000 9.37953e-08 1.04932e-02 3.49463e-02 12200
967 -736590.51587 100.00000 8.58848e-08 1.00505e-02 3.49355e-02 11600
1009 -730629.26168 100.00000 8.52681e-08 9.97555e-03 3.49305e-02 12500
991 -731297.76475 100.00000 8.76325e-08 1.03079e-02 3.49507e-02 12650
994 -733821.16189 100.00000 8.85811e-08 9.95365e-03 3.49787e-02 12200
