28 -736160.28797 82.50000 7.25932e-07 5.01444e-02
27 -735071.72176 90.00000 7.43049e-07 5.04483e-02
27 -741039.27946 84.50000 8.78189e-07 6.03615e-02
31 -736718.83263 93.30000 6.31048e-07 4.52368e-02
29 -732767.09619 95.80000 2.59672e-07 2.36329e-02
35 -734195.89065 99.90000 1.42257e-07 1.62998e-02
33 -737168.44084 90.50000 1.11238e-06 7.33279e-02
34 -731055.45219 99.60000 1.88399e-07 1.98028e-02
25 -736088.44241 85.70000 7.01868e-07 5.00350e-02
28 -733048.16572 87.90000 7.18481e-07 5.11082e-02
33 -734698.33805 90.50000 9.40079e-07 6.29297e-02
21 -736265.40555 83.60000 1.16126e-06 7.55799e-02
23 -736807.72465 86.40000 5.66093e-07 4.36042e-02
30 -734849.02833 90.60000 2.59878e-07 2.31878e-02
31 -738931.47919 90.70000 6.39578e-07 4.53665e-02
27 -737743.58188 94.70000 6.91521e-07 4.90121e-02
29 -730638.05777 90.10000 8.66436e-07 5.94069e-02
30 -732884.50918 92.50000 2.23948e-07 2.18286e-02
26 -737890.90150 89.90000 3.50382e-07 2.72087e-02
37 -731121.21700 97.60000 2.04732e-07 2.02749e-02
30 -735534.46893 100.00000 1.46053e-07 1.54034e-02
27 -733188.60028 92.40000 9.98966e-07 6.68227e-02
22 -736928.76303 88.00000 5.02191e-07 3.83627e-02
33 -736842.76798 84.50000 9.81588e-07 6.81100e-02
30 -737664.65830 99.90000 1.60203e-07 1.61384e-02
37 -731440.14384 100.00000 1.58640e-07 1.69579e-02
26 -738390.01914 84.00000 6.46105e-07 4.65667e-02
30 -737682.65096 94.60000 8.46316e-07 5.78406e-02
24 -733699.92617 93.70000 2.52432e-07 2.36253e-02
30 -736744.35586 99.90000 1.83094e-07 1.83903e-02
26 -733590.47218 96.60000 2.87689e-07 2.61630e-02
27 -735596.83388 93.90000 2.24002e-07 2.10899e-02
25 -736866.97034 94.00000 3.55199e-07 2.92693e-02
32 -735064.29789 81.70000 5.43956e-07 4.11317e-02
28 -736979.45865 92.30000 1.07731e-06 7.02324e-02
28 -732883.15452 89.60000 5.42404e-07 4.17906e-02
32 -736014.81905 89.80000 1.11173e-06 7.34754e-02
25 -735150.90577 93.90000 6.11966e-07 4.24247e-02
25 -732804.07427 80.10000 1.01938e-06 6.69539e-02
32 -732560.70347 91.40000 2.74109e-07 2.46821e-02
24 -735616.83455 93.70000 9.93458e-07 6.69201e-02
25 -737264.76400 89.90000 8.88766e-07 5.97391e-02
30 -737183.65200 83.70000 9.61016e-07 6.37987e-02
28 -729921.97488 100.00000 1.57365e-07 1.65430e-02
26 -736525.58053 91.50000 6.07903e-07 4.54611e-02
25 -735467.78441 84.00000 5.31578e-07 4.06277e-02
31 -734470.72653 98.60000 2.07670e-07 2.11572e-02
23 -733814.61134 85.00000 8.48173e-07 5.81123e-02
25 -739237.89486 93.70000 3.19226e-07 2.68099e-02
25 -733445.32379 84.30000 5.76078e-07 4.36311e-02
28 -734811.73249 80.20000 7.18907e-07 5.08381e-02
24 -737216.43951 85.50000 7.62005e-07 5.13591e-02
34 -735609.13709 99.40000 1.92059e-07 1.97935e-02
28 -735083.22215 99.90000 1.56265e-07 1.66257e-02
28 -736932.54074 92.10000 7.33804e-07 5.06196e-02
28 -735023.59081 88.80000 7.47879e-07 5.23699e-02
29 -738423.21296 86.60000 1.09946e-06 7.47675e-02
35 -731925.88229 100.00000 1.59244e-07 1.64246e-02
25 -733963.86268 92.00000 1.08592e-06 7.06442e-02
26 -734547.33461 96.90000 7.57656e-07 5.28590e-02
38 -736819.94503 100.00000 1.53376e-07 1.68122e-02
28 -733038.39659 89.50000 5.21712e-07 3.84970e-02
34 -732598.58178 90.00000 9.43745e-07 6.48657e-02
32 -734597.35705 96.90000 2.93747e-07 2.60194e-02
26 -734110.93176 87.90000 6.32032e-07 4.60685e-02
27 -733566.88129 90.00000 7.72852e-07 5.37965e-02
23 -735958.58374 98.20000 3.22483e-07 2.80635e-02
28 -739352.62366 83.20000 6.13254e-07 4.40310e-02
27 -733977.39061 92.70000 9.17251e-07 5.98366e-02
25 -735986.38223 94.10000 2.64418e-07 2.35490e-02
29 -730273.43830 100.00000 1.48338e-07 1.55601e-02
30 -733279.46937 89.70000 4.16119e-07 3.37974e-02
20 -733943.41406 91.20000 8.13505e-07 5.47789e-02
19 -735717.86626 86.40000 1.25528e-06 8.16435e-02
24 -736730.18890 90.90000 6.10147e-07 4.44216e-02
24 -737556.70230 94.00000 4.34411e-07 3.59155e-02
21 -738444.51111 91.10000 1.17669e-06 7.80852e-02
23 -734306.13495 98.80000 2.06814e-07 2.06824e-02
26 -734355.11249 92.00000 1.19789e-06 7.83156e-02
19 -741518.39475 87.60000 1.02464e-06 6.70378e-02
21 -732313.98269 95.50000 2.43005e-07 2.25094e-02
20 -736816.01659 86.10000 7.06002e-07 5.07988e-02
22 -737786.91103 91.60000 7.32915e-07 5.23320e-02
27 -735177.24168 91.50000 6.09747e-07 4.40807e-02
27 -734748.27360 89.80000 4.80398e-07 3.68114e-02
22 -730744.54458 94.10000 7.21851e-07 5.20104e-02
26 -736222.64905 98.00000 2.10709e-07 2.13633e-02
24 -736080.14687 89.90000 3.79511e-07 2.96563e-02
18 -736512.62591 85.80000 1.14608e-06 7.51579e-02
27 -734557.28776 95.30000 7.91430e-07 5.76740e-02
23 -736873.30725 89.90000 4.87969e-07 3.60073e-02
20 -735491.84082 91.70000 7.14832e-07 4.98298e-02
19 -737968.80543 83.40000 9.26519e-07 6.30919e-02
21 -735170.80052 89.90000 8.35591e-07 5.77029e-02
26 -732692.00263 100.00000 1.52009e-07 1.67259e-02
22 -735249.86244 95.90000 8.63458e-07 5.67213e-02
25 -734733.88054 91.40000 2.52214e-07 2.34052e-02
27 -734731.15139 90.20000 5.10791e-07 3.94150e-02
23 -737771.32612 90.10000 4.03220e-07 3.30467e-02
26 -730880.14224 99.20000 1.89126e-07 1.98087e-02
24 -734645.27353 100.00000 1.44056e-07 1.52280e-02
21 -732924.90997 81.10000 1.25132e-06 8.09739e-02
20 -735307.46403 90.30000 1.00067e-06 6.53227e-02
25 -734937.47122 99.90000 1.57809e-07 1.65852e-02
21 -736941.54788 98.30000 2.12309e-07 2.02893e-02
22 -732685.75088 99.90000 1.55617e-07 1.57590e-02
19 -735255.22286 96.20000 6.91436e-07 4.99142e-02
28 -736785.99714 99.90000 1.66451e-07 1.68517e-02
22 -733226.98175 90.00000 8.52168e-07 5.98089e-02
23 -734375.96288 91.10000 6.77221e-07 4.70187e-02
18 -737760.78178 85.30000 6.69779e-07 4.87212e-02
20 -735717.71318 93.70000 6.64568e-07 4.87704e-02
21 -740753.35830 88.50000 3.02141e-07 2.76388e-02
23 -736364.15316 91.30000 2.77742e-07 2.60881e-02
22 -737429.65280 90.30000 9.46794e-07 6.53782e-02
21 -733833.73841 86.30000 2.88602e-07 2.66886e-02
18 -734576.01702 84.00000 5.61485e-07 4.06488e-02
22 -738727.39736 89.90000 4.55425e-07 3.37752e-02
23 -734213.56276 90.30000 4.48054e-07 3.63171e-02
20 -732081.71208 90.20000 6.52355e-07 4.57696e-02
25 -736174.56233 98.50000 2.35502e-07 2.26758e-02
23 -733408.61884 100.00000 1.50166e-07 1.56683e-02
20 -734845.49022 90.30000 1.01717e-06 6.86261e-02
21 -736428.40068 93.10000 6.13180e-07 4.51109e-02
22 -735687.34990 90.70000 3.46373e-07 2.97650e-02
28 -735245.58158 91.10000 5.16007e-07 4.12413e-02
20 -735156.99959 100.00000 1.51552e-07 1.57422e-02
18 -740673.90801 83.80000 4.35339e-07 3.43312e-02
21 -735190.87033 91.90000 1.03304e-06 6.85438e-02
23 -735802.74587 90.00000 2.60089e-07 2.35493e-02
23 -733606.13844 99.20000 8.17454e-07 5.69072e-02
21 -732045.94379 91.00000 2.61837e-07 2.36732e-02
18 -732589.36514 87.30000 1.01807e-06 6.99096e-02
19 -734056.77286 79.50000 5.83173e-07 4.28158e-02
21 -738261.24530 93.50000 1.00964e-06 6.84062e-02
22 -732130.54392 99.90000 1.67770e-07 1.79148e-02
24 -733546.62738 90.90000 4.88777e-07 3.68764e-02
22 -733827.15603 89.70000 3.64641e-07 2.94985e-02
22 -735261.19113 82.70000 6.01082e-07 4.23451e-02
27 -736230.33392 97.90000 2.58484e-07 2.42959e-02
34 -738846.59717 90.00000 6.04054e-07 4.39609e-02
22 -733453.19340 91.00000 1.09752e-06 7.40754e-02
23 -733550.13990 91.40000 9.46460e-07 6.34692e-02
22 -737474.76604 85.60000 6.83716e-07 4.83178e-02
25 -736800.14648 94.90000 8.35742e-07 5.72205e-02
24 -731822.96732 90.10000 2.39373e-07 2.20526e-02
18 -737562.53545 82.90000 9.93780e-07 6.79627e-02
21 -738429.68560 90.80000 9.16426e-07 6.41235e-02
29 -734467.31008 94.40000 3.91476e-07 3.41122e-02
23 -740124.63708 91.60000 7.46861e-07 5.30349e-02
26 -732949.25747 89.70000 7.20431e-07 5.34410e-02
22 -735217.64394 87.80000 6.60955e-07 4.80719e-02
25 -736640.92627 89.80000 5.58812e-07 4.02270e-02
23 -738219.06416 89.90000 5.21411e-07 3.93297e-02
20 -733478.84372 91.00000 2.98305e-07 2.58906e-02
22 -738369.99002 95.90000 2.06592e-07 2.06496e-02
21 -735734.33895 97.30000 1.95101e-07 1.93699e-02
18 -736727.51180 86.10000 5.55081e-07 4.04548e-02
29 -737542.51795 84.30000 6.93794e-07 5.06491e-02
23 -734570.54537 93.70000 6.48714e-07 4.59482e-02
21 -736043.22870 90.00000 7.05761e-07 5.22377e-02
24 -736233.12577 94.60000 3.78728e-07 3.24647e-02
22 -733638.64632 92.90000 8.82005e-07 6.10636e-02
25 -733575.53736 99.60000 1.52130e-07 1.64575e-02
19 -735659.04251 90.30000 7.17222e-07 5.29716e-02
18 -734745.48196 92.50000 8.28687e-07 5.85082e-02
17 -737528.36465 90.30000 3.11916e-07 2.74622e-02
22 -731361.08329 90.80000 5.64754e-07 4.25051e-02
21 -732304.79613 95.10000 2.02708e-07 2.01883e-02
16 -738401.32023 85.10000 4.88189e-07 3.80164e-02
22 -733246.27347 97.00000 1.06125e-06 7.20632e-02
20 -733874.96231 90.00000 5.61340e-07 4.13703e-02
23 -734999.83298 90.00000 4.77287e-07 3.64294e-02
18 -736146.60006 90.00000 2.50025e-07 2.32586e-02
19 -733875.97316 90.40000 3.25861e-07 2.82399e-02
20 -733794.59431 90.60000 1.30866e-06 8.30809e-02
19 -737880.24269 78.80000 1.08987e-06 7.20473e-02
17 -731821.88919 90.00000 2.33687e-07 2.14938e-02
22 -733970.10457 99.30000 1.83492e-07 1.93627e-02
21 -729805.88421 89.90000 3.78219e-07 2.95293e-02
20 -735402.60939 90.00000 2.76605e-07 2.41372e-02
20 -733402.04027 96.00000 9.50804e-07 6.46690e-02
21 -737712.41183 91.40000 8.45728e-07 5.93187e-02
22 -730677.54440 100.00000 1.50062e-07 1.61127e-02
22 -737082.22800 91.00000 8.97637e-07 6.00747e-02
19 -739646.45565 79.90000 3.58205e-07 3.05833e-02
18 -735666.14083 81.20000 5.41752e-07 4.07612e-02
19 -734523.50627 84.60000 5.06152e-07 3.90602e-02
19 -732276.42422 96.10000 4.89098e-07 3.60009e-02
21 -734773.49930 81.00000 8.36353e-07 5.77672e-02
19 -733474.25860 90.30000 2.51730e-07 2.24494e-02
20 -735110.88168 94.90000 2.56958e-07 2.27103e-02
23 -740771.45503 95.90000 5.36227e-07 4.08110e-02
23 -734247.66877 94.30000 3.19655e-07 2.83909e-02
19 -733178.04916 90.20000 4.88579e-07 3.61678e-02
24 -734171.73890 99.90000 1.49002e-07 1.65938e-02
18 -737110.14918 94.30000 3.76939e-07 3.01818e-02
20 -734761.69401 92.80000 7.70588e-07 5.18278e-02
25 -734255.33526 97.20000 3.49228e-07 2.94076e-02
22 -736138.21760 91.00000 3.76077e-07 3.01404e-02
19 -732487.51881 81.30000 6.02031e-07 4.41499e-02
18 -734782.90367 83.40000 8.24809e-07 5.75769e-02
21 -735696.87924 90.00000 6.97022e-07 4.90631e-02
18 -734890.05950 96.70000 3.03274e-07 2.61607e-02
18 -737739.07881 89.30000 7.85506e-07 5.36957e-02
20 -735786.82344 89.80000 6.30459e-07 4.37280e-02
22 -737495.94986 90.00000 1.04103e-06 7.13711e-02
21 -733216.59522 91.10000 5.23380e-07 3.97674e-02
20 -736196.50959 90.50000 6.16734e-07 4.54178e-02
23 -732893.37430 90.20000 9.55800e-07 6.50168e-02
22 -734442.43424 88.20000 1.17070e-06 7.69215e-02
24 -730440.93994 93.10000 3.24565e-07 2.80996e-02
22 -742859.50149 87.50000 9.04151e-07 6.38940e-02
25 -741851.11424 91.00000 6.42104e-07 4.77361e-02
23 -730646.08263 98.20000 2.32187e-07 2.20879e-02
18 -733869.15779 92.40000 2.62154e-07 2.31568e-02
23 -731461.31349 95.70000 2.48935e-07 2.23554e-02
20 -734591.58327 89.90000 5.05122e-07 3.65153e-02
24 -730787.51864 100.00000 1.52775e-07 1.57192e-02
19 -735468.53587 92.60000 4.47390e-07 3.32323e-02
21 -738330.24672 96.20000 7.20767e-07 5.22563e-02
26 -732706.62488 99.90000 1.49793e-07 1.55795e-02
20 -738835.91118 93.30000 2.41215e-07 2.30133e-02
19 -734054.66998 89.80000 2.53839e-07 2.20153e-02
22 -731644.49283 97.70000 2.03662e-07 1.96725e-02
23 -733945.32368 91.60000 6.22453e-07 4.53015e-02
20 -739895.79756 90.40000 6.34380e-07 4.61835e-02
20 -736404.01737 90.00000 6.34137e-07 4.34943e-02
22 -738504.44751 90.00000 9.44035e-07 6.64256e-02
23 -732511.54844 97.40000 2.17566e-07 2.10349e-02
21 -736911.33872 90.90000 2.52610e-07 2.40444e-02
16 -736180.31142 85.00000 9.16128e-07 6.16727e-02
19 -736578.31404 95.90000 3.66329e-07 3.09655e-02
20 -734249.46902 91.30000 5.52025e-07 4.20710e-02
20 -734893.16595 95.50000 3.75070e-07 3.14691e-02
23 -734102.62023 97.90000 2.20510e-07 2.20067e-02
19 -734091.77584 95.40000 8.10828e-07 5.40130e-02
19 -736277.37952 81.40000 3.87962e-07 3.20163e-02
29 -733165.82228 100.00000 1.51093e-07 1.70142e-02
19 -732776.20204 92.10000 5.54486e-07 4.00229e-02
26 -732085.36209 89.80000 9.90735e-07 6.69173e-02
25 -735090.00103 89.90000 1.19112e-06 7.76462e-02
21 -739802.80323 90.00000 1.06562e-06 7.08408e-02
23 -734943.09834 92.90000 7.10670e-07 5.17439e-02
22 -732534.57354 91.10000 4.75890e-07 3.61936e-02
19 -739086.87004 83.40000 9.56744e-07 6.51128e-02
23 -736181.91847 97.60000 9.52809e-07 6.58977e-02
21 -736073.46463 90.40000 3.46076e-07 2.82425e-02
22 -733473.20351 90.00000 7.36269e-07 5.40658e-02
20 -734754.63184 90.20000 2.33333e-07 2.17224e-02
22 -735743.35051 99.90000 1.55022e-07 1.61166e-02
21 -735400.94775 89.30000 1.06952e-06 7.02929e-02
20 -736409.00547 90.40000 2.74038e-07 2.52996e-02
20 -731162.63005 99.90000 1.54195e-07 1.51429e-02
25 -736539.60213 90.10000 5.86755e-07 4.35482e-02
26 -733767.42132 99.50000 1.80252e-07 1.91980e-02
20 -740119.83552 79.70000 8.31276e-07 5.54502e-02
21 -736726.43014 92.60000 7.40838e-07 5.07600e-02
26 -731154.95423 100.00000 1.47886e-07 1.58904e-02
19 -734002.27746 92.00000 4.68224e-07 3.62662e-02
20 -737734.67381 80.00000 1.14909e-06 7.61723e-02
21 -736790.98708 87.50000 9.40654e-07 6.41767e-02
18 -735948.89891 91.60000 1.08505e-06 7.31135e-02
23 -732309.90853 99.90000 1.47525e-07 1.66118e-02
19 -738557.47898 82.40000 3.96481e-07 3.29693e-02
24 -733693.92663 90.20000 7.43658e-07 5.03731e-02
23 -733103.15308 99.80000 1.57261e-07 1.60435e-02
21 -735027.00218 97.20000 2.41041e-07 2.22113e-02
18 -731893.42728 90.10000 7.51067e-07 5.21265e-02
23 -736159.24585 85.80000 2.96948e-07 2.71152e-02
20 -732951.34387 95.80000 2.50005e-07 2.22128e-02
26 -735632.75975 93.10000 7.13284e-07 5.23395e-02
24 -732076.91172 91.20000 3.40660e-07 2.81279e-02
25 -737937.15040 89.90000 5.76550e-07 4.26881e-02
27 -736986.84944 91.60000 5.11409e-07 3.97371e-02
19 -733046.03364 90.00000 4.93727e-07 3.60441e-02
23 -729207.50567 99.90000 1.46068e-07 1.57999e-02
24 -736113.00107 86.10000 5.23671e-07 4.16459e-02
20 -735628.80646 88.90000 1.01522e-06 6.61805e-02
27 -733493.75622 99.70000 1.64222e-07 1.85626e-02
25 -737590.20160 93.60000 4.40038e-07 3.49268e-02
20 -736458.49108 89.60000 6.72924e-07 4.77418e-02
21 -738693.96660 89.90000 5.19502e-07 3.91859e-02
19 -735222.24539 84.60000 4.89771e-07 3.68968e-02
19 -736772.47816 92.90000 2.72745e-07 2.48117e-02
18 -732000.98678 79.50000 7.85280e-07 5.40764e-02
19 -737673.61608 81.50000 7.00746e-07 5.08214e-02
29 -729057.05009 100.00000 1.53187e-07 1.65749e-02
20 -736720.42053 94.80000 5.36791e-07 3.97291e-02
26 -731083.04023 99.90000 1.53458e-07 1.61618e-02
19 -738391.84403 94.70000 1.16575e-06 7.62150e-02
22 -732914.78645 100.00000 1.73097e-07 1.74867e-02
29 -736537.17454 92.20000 1.15490e-06 7.91604e-02
21 -740478.99301 89.90000 1.09530e-06 7.33674e-02
19 -734996.86894 85.80000 4.51588e-07 3.70254e-02
22 -731874.59376 95.40000 2.31185e-07 2.23371e-02
24 -735529.44323 90.10000 7.82649e-07 5.45003e-02
22 -733494.85495 100.00000 1.57260e-07 1.67046e-02
30 -738348.47940 99.90000 1.58680e-07 1.76963e-02
22 -734660.45913 91.30000 7.01386e-07 5.02172e-02
26 -737760.22473 95.10000 8.01823e-07 5.72786e-02
25 -733175.91997 90.80000 8.43968e-07 5.92275e-02
22 -736188.49119 89.70000 6.93816e-07 5.05391e-02
22 -736149.07133 91.10000 8.41422e-07 5.74443e-02
19 -735321.82296 90.30000 2.80104e-07 2.36305e-02
24 -735181.14364 99.90000 1.58919e-07 1.69636e-02
20 -736600.05565 90.00000 8.52269e-07 5.71210e-02
21 -733468.35522 99.80000 1.48936e-07 1.57320e-02
22 -736459.43496 99.50000 1.97900e-07 2.01842e-02
22 -735339.77712 92.40000 4.05558e-07 3.46397e-02
24 -734472.50145 97.50000 2.34626e-07 2.27531e-02
19 -737368.32515 90.20000 6.88320e-07 4.88602e-02
26 -738044.73234 94.10000 2.80698e-07 2.52847e-02
27 -736942.73516 99.60000 1.56790e-07 1.70329e-02
18 -735935.07127 86.90000 8.70250e-07 5.96749e-02
18 -734101.80374 90.70000 1.04512e-06 6.94390e-02
23 -737597.55996 95.30000 7.65703e-07 5.14096e-02
21 -731773.16206 90.20000 9.48016e-07 6.38717e-02
21 -729855.63613 97.20000 2.32888e-07 2.22228e-02
19 -738762.38397 86.20000 6.43104e-07 4.87693e-02
21 -738214.30613 87.10000 8.48878e-07 5.74796e-02
27 -735694.99678 92.10000 6.34560e-07 4.28487e-02
18 -729776.79559 91.90000 2.21873e-07 2.10845e-02
25 -729615.82495 99.90000 1.54736e-07 1.73741e-02
18 -732414.89301 81.90000 1.04544e-06 6.87723e-02
21 -737207.78345 90.30000 3.50386e-07 2.83751e-02
24 -738338.37197 100.00000 1.55993e-07 1.63585e-02
25 -734952.17586 90.00000 6.02228e-07 4.43674e-02
18 -736263.77856 89.50000 4.32572e-07 3.40004e-02
29 -732341.64699 99.60000 1.80948e-07 1.96700e-02
25 -734487.75773 89.90000 6.62347e-07 4.73814e-02
24 -737005.25997 99.90000 1.53319e-07 1.68455e-02
21 -735041.42425 89.80000 6.84183e-07 4.79607e-02
24 -732040.94051 98.60000 2.23180e-07 2.22631e-02
20 -736224.53694 89.90000 7.35911e-07 4.88811e-02
19 -731947.35238 89.90000 5.66445e-07 3.97488e-02
21 -736904.52290 90.40000 6.69404e-07 5.02669e-02
23 -728247.69927 99.60000 1.72735e-07 1.84764e-02
20 -737280.71827 88.60000 3.98879e-07 3.32121e-02
22 -733321.84546 89.80000 5.17859e-07 3.94388e-02
17 -732400.74233 95.00000 5.19930e-07 3.90031e-02
24 -733761.04625 91.90000 6.42745e-07 4.51137e-02
23 -735432.13958 89.80000 8.25989e-07 5.54401e-02
18 -735793.69415 90.50000 1.03586e-06 6.75802e-02
21 -734572.37763 84.60000 3.32989e-07 2.79164e-02
21 -736163.04609 89.70000 5.91094e-07 4.26984e-02
20 -730832.43735 82.30000 3.98261e-07 3.25660e-02
24 -734410.85346 97.00000 2.48001e-07 2.28342e-02
22 -731257.58832 96.00000 2.36611e-07 2.21054e-02
20 -737035.58576 91.90000 3.36578e-07 2.96680e-02
26 -739650.80965 96.90000 6.21656e-07 4.56361e-02
18 -732196.02619 90.50000 6.45423e-07 4.48389e-02
23 -733201.17247 98.20000 2.29847e-07 2.22007e-02
21 -729785.75431 90.80000 1.07281e-06 7.31007e-02
22 -735998.62438 98.60000 1.96577e-07 1.98197e-02
18 -734537.12348 89.90000 1.09915e-06 7.21553e-02
22 -735034.69153 90.00000 7.20620e-07 5.17979e-02
20 -737900.99111 98.20000 7.14373e-07 4.91160e-02
19 -738825.28155 82.40000 9.09301e-07 6.23303e-02
25 -729933.94193 99.90000 1.57559e-07 1.69342e-02
27 -737250.75576 96.40000 2.27412e-07 2.34159e-02
24 -729903.01763 95.80000 2.23472e-07 2.15126e-02
19 -734837.11402 92.50000 2.45031e-07 2.30972e-02
19 -735613.92317 91.00000 5.73338e-07 4.38916e-02
22 -738276.31859 97.40000 2.32437e-07 2.25054e-02
19 -730978.51372 96.40000 2.85597e-07 2.58380e-02
19 -735737.84334 82.50000 8.63850e-07 5.76804e-02
21 -729175.51333 100.00000 1.53123e-07 1.62551e-02
18 -739886.98826 91.20000 4.69663e-07 3.62043e-02
19 -736198.79045 85.10000 7.21372e-07 5.31785e-02
18 -737894.48350 91.60000 4.73180e-07 3.62345e-02
20 -733744.39484 100.00000 1.47678e-07 1.54827e-02
21 -736713.00376 95.00000 2.42814e-07 2.18783e-02
19 -740319.55379 91.50000 3.47993e-07 3.05141e-02
18 -733000.17925 83.80000 3.45883e-07 2.88424e-02
19 -734942.36274 91.50000 4.82657e-07 3.72670e-02
25 -732268.20925 90.60000 3.68454e-07 2.97912e-02
17 -736194.43143 95.10000 8.59619e-07 5.73434e-02
24 -736777.29329 98.30000 2.05637e-07 1.96605e-02
20 -730753.83411 99.80000 1.51220e-07 1.58478e-02
21 -735139.89207 91.70000 2.46976e-07 2.28192e-02
20 -727388.99100 92.20000 1.11839e-06 7.24932e-02
20 -731861.89810 89.20000 6.66199e-07 4.81534e-02
18 -736350.12340 82.20000 8.76522e-07 5.78167e-02
24 -732636.07991 91.70000 5.53867e-07 4.08548e-02
26 -733634.14400 99.90000 1.58412e-07 1.68816e-02
17 -736063.80914 80.10000 5.91701e-07 4.45032e-02
17 -731924.96614 99.00000 4.41455e-07 3.55071e-02
22 -736758.57060 93.20000 1.07785e-06 6.99657e-02
17 -735266.09603 88.80000 3.18469e-07 2.91274e-02
20 -730155.57535 91.90000 2.81468e-07 2.45251e-02
28 -735073.05772 99.90000 1.58825e-07 1.71797e-02
27 -738449.82960 98.40000 2.26829e-07 2.23332e-02
21 -737702.36215 91.80000 5.46527e-07 4.01753e-02
20 -740148.43036 88.10000 1.05850e-06 7.16874e-02
22 -736498.70942 100.00000 1.61453e-07 1.67232e-02
18 -735118.30921 99.90000 1.48950e-07 1.59039e-02
20 -734378.09964 82.20000 4.75175e-07 3.64383e-02
20 -736513.11203 96.40000 2.66946e-07 2.42432e-02
23 -731282.97566 99.90000 1.50465e-07 1.62846e-02
19 -733868.31717 95.70000 3.90157e-07 3.13411e-02
19 -736028.26959 99.90000 1.54951e-07 1.59824e-02
21 -732594.24877 100.00000 1.50979e-07 1.61020e-02
18 -734466.25540 90.20000 8.72434e-07 6.01646e-02
21 -738224.05874 87.10000 4.95179e-07 3.84619e-02
21 -736149.42317 92.60000 6.14400e-07 4.38252e-02
21 -733037.61095 89.50000 9.08448e-07 6.34030e-02
25 -730644.63724 100.00000 1.45575e-07 1.60195e-02
20 -729891.19964 99.90000 1.56718e-07 1.64193e-02
21 -732067.47479 100.00000 1.59970e-07 1.60049e-02
26 -738279.89141 100.00000 1.54408e-07 1.69252e-02
24 -738451.11299 91.80000 4.25028e-07 3.27112e-02
20 -731598.17446 100.00000 1.54388e-07 1.56437e-02
25 -735705.22711 97.10000 4.79979e-07 3.72285e-02
20 -736838.20982 80.80000 3.37104e-07 2.87120e-02
22 -736864.85843 89.90000 3.84100e-07 3.05013e-02
16 -735149.95931 78.90000 8.50190e-07 5.97635e-02
19 -732178.16958 96.80000 2.22255e-07 2.12485e-02
19 -732918.28198 89.90000 2.48986e-07 2.27076e-02
24 -732147.32605 99.90000 1.57083e-07 1.64637e-02
21 -729454.79827 100.00000 1.54327e-07 1.55684e-02
17 -738578.38249 97.30000 2.45543e-07 2.24722e-02
22 -733078.04111 90.70000 4.83750e-07 3.76079e-02
19 -736390.05260 90.40000 8.03548e-07 5.43405e-02
21 -734553.06119 96.30000 2.36286e-07 2.25321e-02
22 -738718.97127 97.10000 2.22120e-07 2.16785e-02
22 -739263.02018 90.20000 8.37724e-07 5.67945e-02
21 -737892.82664 96.00000 4.71833e-07 3.64118e-02
23 -731751.92983 99.70000 1.50041e-07 1.61215e-02
21 -732980.10431 95.90000 8.27758e-07 5.65712e-02
23 -734183.98334 92.80000 4.80032e-07 3.78922e-02
22 -735227.05669 90.00000 2.78232e-07 2.46738e-02
20 -734117.30352 90.10000 6.16664e-07 4.42429e-02
21 -729711.50187 89.50000 4.58754e-07 3.64780e-02
21 -739599.35678 92.40000 3.76632e-07 3.07306e-02
20 -738606.06982 92.30000 7.97319e-07 5.55648e-02
21 -732905.59262 100.00000 1.53320e-07 1.71121e-02
22 -739872.54525 91.10000 8.34832e-07 5.73399e-02
20 -738942.85116 90.00000 7.13191e-07 4.85580e-02
20 -737879.98465 89.40000 6.34782e-07 4.62721e-02
18 -736256.92078 87.90000 8.74682e-07 5.87064e-02
27 -738756.20487 94.80000 1.13469e-06 7.67407e-02
17 -733192.86666 89.50000 5.07950e-07 3.96166e-02
21 -732899.11854 89.90000 3.77749e-07 3.05768e-02
25 -736699.62930 96.40000 6.17572e-07 4.41188e-02
21 -731863.88587 90.80000 2.40391e-07 2.22926e-02
17 -735268.32286 95.80000 5.33039e-07 3.87711e-02
23 -734166.34285 100.00000 1.52460e-07 1.68117e-02
19 -732645.79257 99.90000 1.59114e-07 1.64264e-02
20 -736301.53041 97.20000 4.44253e-07 3.46392e-02
20 -735409.54208 95.70000 2.56955e-07 2.22169e-02
20 -736140.43706 83.20000 1.15845e-06 7.41246e-02
22 -733135.68676 91.20000 8.32193e-07 5.91334e-02
20 -737931.84945 91.10000 7.64676e-07 5.22430e-02
25 -732773.20634 89.90000 6.27933e-07 4.49456e-02
24 -737626.11476 90.90000 6.36040e-07 4.50105e-02
18 -734183.08034 90.40000 5.91859e-07 4.29421e-02
20 -736970.98981 90.30000 4.90410e-07 3.72279e-02
19 -738181.17459 90.00000 1.10554e-06 7.27627e-02
22 -737180.48838 95.70000 3.98049e-07 3.16338e-02
23 -732841.29961 90.50000 3.21766e-07 2.73684e-02
19 -740259.96414 90.00000 3.33661e-07 2.87800e-02
23 -739042.45782 99.90000 1.61066e-07 1.65784e-02
18 -740430.72949 93.30000 8.74857e-07 6.01187e-02
20 -735763.91720 90.80000 4.02633e-07 3.06234e-02
19 -738590.90871 80.50000 8.72181e-07 5.97864e-02
21 -731198.83138 92.00000 5.18200e-07 3.93063e-02
23 -732885.99356 93.70000 3.15052e-07 2.73225e-02
22 -735828.40343 100.00000 1.51491e-07 1.67679e-02
27 -728439.86480 100.00000 1.51057e-07 1.65852e-02
25 -735900.56518 94.50000 6.42956e-07 4.70453e-02
24 -734674.64608 96.00000 2.36708e-07 2.21392e-02
19 -731749.61910 89.70000 5.24521e-07 3.96483e-02
19 -732691.15602 82.20000 8.71743e-07 5.91007e-02
23 -731785.49694 100.00000 1.55862e-07 1.60852e-02
22 -735965.49051 88.40000 5.44171e-07 4.18227e-02
23 -733195.83880 90.40000 3.73093e-07 2.88303e-02
17 -733668.11683 98.70000 2.07312e-07 2.01001e-02
21 -733690.33640 100.00000 1.47424e-07 1.58298e-02
16 -735557.21155 91.80000 2.95750e-07 2.66395e-02
19 -737471.15757 92.60000 7.78053e-07 5.31245e-02
18 -736771.34317 88.50000 7.56420e-07 5.44907e-02
24 -737348.05954 93.60000 2.59165e-07 2.46346e-02
21 -739621.43564 90.10000 3.56312e-07 2.95411e-02
23 -731575.89063 90.20000 5.75796e-07 4.33780e-02
17 -734709.86292 81.00000 6.47840e-07 4.61965e-02
16 -738392.09121 90.60000 2.40046e-07 2.16115e-02
22 -733838.75760 85.00000 5.84788e-07 4.35926e-02
21 -733472.11708 90.70000 4.29977e-07 3.44684e-02
20 -736044.81656 90.10000 2.33715e-07 2.23088e-02
21 -734919.90137 89.80000 8.78234e-07 6.10042e-02
24 -735359.92968 90.90000 2.83718e-07 2.56089e-02
19 -736916.69597 91.50000 4.91016e-07 3.63656e-02
20 -733184.39159 91.50000 6.01520e-07 4.25187e-02
23 -735372.04282 91.60000 3.41155e-07 2.76282e-02
18 -739413.84601 83.00000 5.25117e-07 4.10236e-02
20 -733626.88631 93.00000 9.48891e-07 6.47629e-02
26 -738033.74714 96.40000 5.34615e-07 4.05845e-02
22 -738912.59557 99.40000 1.82391e-07 1.87414e-02
18 -734493.05511 93.40000 5.19509e-07 3.99618e-02
