
mlelda
BS samples: 500
MC std err: 0.232925
22.5140000000 -735125.5943930394 92.1336000000 0.0000005303 0.0395210134
3.8191365516 2578.3488325226 5.2083693264 0.0000003007 0.0178354395


vblda
BS samples: 500
MC std err: 0.202767
205.7440000000 -736313.9038444195 92.7722000000 0.0000004220 0.0417312532
13.0322087153 2469.8191583985 4.5340100529 0.0000002239 0.0195371175


gibbslda
BS samples: 52
MC std err: 0.007816
1038.1153846154 -733243.2315286539 99.9596153846 0.0000000882 0.0103762446 0.0349604712 11996.1538461538
58.9796750670 2263.7458064089 0.0563628880 0.0000000019 0.0003084582 0.0000248979 568.8928310802


cgibbslda
BS samples: 52
MC std err: 0.037323
975.5384615385 -737328.8005811539 98.7711538462 0.0000001313 0.0185677135 0.0349602788 11261.5384615385
55.6221668383 99.4565897199 0.2691414687 0.0000000016 0.0002435698 0.0000260380 662.5718672642


