202 -736970.97062 81.10000 8.47936e-07 8.17266e-02
191 -735683.17106 89.50000 5.05056e-07 5.25249e-02
213 -741893.06470 88.80000 6.70532e-07 6.34397e-02
216 -738800.77955 97.60000 9.12602e-07 8.03114e-02
221 -733125.39940 98.70000 1.66639e-07 1.97356e-02
206 -735924.19356 99.70000 1.32447e-07 1.74457e-02
211 -738729.53721 95.40000 8.59036e-07 7.80868e-02
206 -732039.93672 99.20000 1.65455e-07 1.97925e-02
224 -736361.54393 88.40000 5.59902e-07 5.33327e-02
214 -733356.67528 89.50000 5.15270e-07 5.03092e-02
213 -735795.78328 93.00000 2.97068e-07 3.05069e-02
218 -736527.21413 88.90000 8.07343e-07 8.16429e-02
220 -736641.48814 79.90000 4.17166e-07 3.88044e-02
216 -736706.10987 91.20000 5.20383e-07 4.83821e-02
230 -740399.42177 93.70000 6.32168e-07 5.30195e-02
212 -738673.05376 91.50000 3.77770e-07 4.06501e-02
211 -731734.91600 89.80000 6.56680e-07 6.67384e-02
221 -734373.20039 96.00000 2.31030e-07 2.49337e-02
199 -738856.56633 91.70000 2.49208e-07 2.61188e-02
212 -732581.98163 96.30000 1.60037e-07 1.99449e-02
199 -737598.38780 99.80000 1.20572e-07 1.62419e-02
219 -734404.85813 93.00000 4.63011e-07 4.52435e-02
204 -737621.63397 93.70000 4.07416e-07 4.26759e-02
232 -737938.61205 88.10000 7.72556e-07 6.89887e-02
186 -739367.63620 99.80000 1.19811e-07 1.59894e-02
217 -734190.35729 97.00000 7.55746e-07 6.79200e-02
211 -739134.40174 84.80000 4.37244e-07 4.31780e-02
215 -739164.74390 92.40000 3.55852e-07 3.54618e-02
192 -734935.49719 95.50000 1.97159e-07 2.38903e-02
205 -738612.01418 94.40000 2.26506e-07 2.45035e-02
203 -734728.65664 97.10000 2.32667e-07 2.73034e-02
188 -736441.00384 94.40000 1.69326e-07 1.99504e-02
200 -737763.98484 95.60000 2.71095e-07 2.81589e-02
213 -736230.42796 83.50000 6.44362e-07 6.43017e-02
210 -738666.62257 96.20000 5.25115e-07 4.49849e-02
214 -733949.49100 88.80000 4.45805e-07 4.41923e-02
212 -738511.66617 84.60000 8.56724e-07 7.98992e-02
211 -737182.35696 97.20000 7.45580e-07 6.66647e-02
200 -733587.65204 80.00000 7.75520e-07 7.42259e-02
228 -734201.39197 93.80000 2.51481e-07 2.65985e-02
200 -736756.02938 90.10000 7.42260e-07 7.35732e-02
202 -738284.33084 95.00000 7.19003e-07 6.71981e-02
238 -738290.82827 84.50000 5.73576e-07 5.15953e-02
211 -732396.90248 91.30000 6.67622e-07 6.42229e-02
232 -736224.14630 90.50000 6.76148e-07 6.00349e-02
212 -736290.56201 87.10000 4.40433e-07 4.59572e-02
224 -736107.97258 97.50000 1.85258e-07 2.17052e-02
212 -734443.08624 92.60000 4.76317e-07 4.39329e-02
187 -739416.26726 97.50000 2.39581e-07 2.46158e-02
210 -734430.67096 86.10000 6.92299e-07 6.39693e-02
222 -736042.35035 85.80000 5.75346e-07 5.15349e-02
212 -738116.02533 87.30000 6.73039e-07 6.43666e-02
216 -737020.64372 99.70000 1.50139e-07 1.90287e-02
192 -737718.56927 93.00000 2.14828e-07 2.36513e-02
226 -737295.46288 98.70000 2.05126e-07 2.24594e-02
218 -735436.74790 90.90000 4.42092e-07 3.99484e-02
215 -739395.66356 87.80000 7.90834e-07 8.05238e-02
209 -733855.31195 99.30000 1.42148e-07 1.81288e-02
186 -734939.37584 92.30000 5.18565e-07 5.11925e-02
194 -735171.38098 97.60000 5.85425e-07 5.89569e-02
231 -739877.21383 95.60000 2.16665e-07 2.42583e-02
215 -733965.49843 89.30000 4.06650e-07 4.13899e-02
209 -733682.13260 89.90000 7.05804e-07 6.44370e-02
232 -735647.81150 99.50000 1.67302e-07 2.01133e-02
203 -734815.31902 90.40000 6.55198e-07 6.26517e-02
188 -734711.31043 90.30000 5.95553e-07 5.93045e-02
207 -736211.88545 90.40000 2.42952e-07 2.70921e-02
235 -740341.56202 91.50000 3.88547e-07 3.67046e-02
201 -735143.15771 92.80000 6.67093e-07 6.37666e-02
208 -737392.23947 89.60000 4.36223e-07 4.46128e-02
209 -732281.90752 99.40000 1.29500e-07 1.69336e-02
215 -734207.96059 90.10000 2.21630e-07 2.34123e-02
199 -735503.25257 92.60000 6.02479e-07 5.77069e-02
242 -737188.89519 87.00000 9.58454e-07 8.92797e-02
218 -738631.34195 96.40000 2.59040e-07 2.71509e-02
231 -739700.38529 87.90000 4.30577e-07 4.00800e-02
201 -739698.02348 91.40000 2.81026e-07 2.86568e-02
215 -736742.57854 94.10000 2.73533e-07 2.82570e-02
225 -735487.76761 95.90000 9.42336e-07 8.63755e-02
198 -742610.47151 86.90000 6.86966e-07 6.30640e-02
234 -733136.68623 98.30000 1.77765e-07 2.00895e-02
217 -737314.12617 89.70000 5.34994e-07 4.98902e-02
208 -738771.71517 89.70000 7.33980e-07 6.85661e-02
217 -736692.31901 91.90000 4.41440e-07 4.37478e-02
224 -736326.33733 90.70000 3.67240e-07 3.56508e-02
204 -731647.85132 95.10000 5.21425e-07 5.63544e-02
218 -736974.79841 99.80000 1.60043e-07 2.00014e-02
225 -737840.23366 89.60000 3.22136e-07 3.10861e-02
186 -737101.93118 84.90000 8.39842e-07 8.78172e-02
215 -736552.27476 93.90000 4.82135e-07 4.51923e-02
204 -738288.71270 89.50000 3.79973e-07 3.73144e-02
210 -736578.11303 90.00000 8.14588e-07 7.37960e-02
208 -737537.06198 88.40000 7.37534e-07 6.93837e-02
211 -736687.10902 89.00000 6.07240e-07 6.38779e-02
229 -737104.93251 92.10000 4.58021e-07 4.08224e-02
203 -736487.97075 95.50000 4.37438e-07 4.18730e-02
219 -737548.92138 89.30000 5.94559e-07 5.40453e-02
222 -736422.21750 95.80000 2.43355e-07 2.61142e-02
219 -738433.22097 90.00000 3.27467e-07 3.39700e-02
227 -732312.79522 99.30000 1.74022e-07 2.11059e-02
209 -736645.27205 100.00000 1.24351e-07 1.64739e-02
225 -733493.39546 87.40000 4.54208e-07 3.95391e-02
183 -735971.77824 91.60000 2.88964e-07 2.90758e-02
197 -738570.61300 90.10000 4.44779e-07 4.12412e-02
206 -738203.63523 96.70000 6.72639e-07 6.57914e-02
185 -734093.92712 99.80000 1.08815e-07 1.45709e-02
201 -735895.02491 94.00000 5.14678e-07 5.36496e-02
204 -739472.30032 91.50000 6.95874e-07 6.48642e-02
193 -734071.75830 92.60000 6.59831e-07 6.55243e-02
243 -735853.63067 93.60000 7.73144e-07 6.60642e-02
222 -737782.55400 87.20000 3.15533e-07 3.13200e-02
219 -736018.52046 96.50000 2.40212e-07 2.55767e-02
220 -741069.48322 90.60000 2.49074e-07 2.65925e-02
218 -737488.63678 91.90000 4.99279e-07 4.84866e-02
245 -737887.81113 94.70000 3.64213e-07 3.67306e-02
210 -733863.31470 88.80000 4.25892e-07 4.23903e-02
195 -735154.75324 86.60000 4.34525e-07 4.13225e-02
204 -739827.44157 97.70000 1.56474e-07 1.93047e-02
222 -735371.86738 91.70000 3.90866e-07 3.90258e-02
199 -732843.68407 96.50000 1.87272e-07 2.20375e-02
235 -737501.56305 98.20000 1.95202e-07 2.28138e-02
198 -735560.84199 99.90000 1.38750e-07 1.74867e-02
192 -735684.79176 90.10000 7.89878e-07 7.76763e-02
190 -737462.01504 95.80000 4.48825e-07 4.78040e-02
221 -736140.22866 95.10000 2.56850e-07 2.65480e-02
206 -736514.30352 89.10000 4.37247e-07 4.30571e-02
192 -736617.02724 99.70000 1.06307e-07 1.46239e-02
206 -740380.04560 89.50000 2.34149e-07 2.53175e-02
188 -735656.09190 91.10000 7.48212e-07 7.45445e-02
203 -736666.95010 90.00000 2.20839e-07 2.41438e-02
211 -735051.16346 98.30000 5.21576e-07 5.30303e-02
203 -733178.71242 95.00000 2.21540e-07 2.45727e-02
209 -731909.97910 89.40000 2.66678e-07 2.80122e-02
208 -734682.80368 82.50000 4.85988e-07 4.87040e-02
221 -738170.72442 94.30000 3.51814e-07 3.55095e-02
200 -733021.82154 99.10000 1.08301e-07 1.56274e-02
214 -735572.02950 90.50000 4.26227e-07 3.99222e-02
213 -735454.38596 89.50000 3.36341e-07 3.14231e-02
215 -735866.01650 82.50000 5.76912e-07 5.32778e-02
220 -737383.66911 95.90000 4.33673e-07 3.85316e-02
229 -740537.78373 83.10000 1.00919e-06 8.82971e-02
226 -733896.70391 90.00000 6.76586e-07 6.12736e-02
209 -734923.93965 93.90000 3.33258e-07 3.11637e-02
216 -737438.17468 96.90000 2.20328e-07 2.43019e-02
224 -738007.73038 95.70000 5.98533e-07 5.61450e-02
221 -733569.10103 97.80000 1.95904e-07 2.22532e-02
216 -737561.94980 88.90000 8.82327e-07 8.80332e-02
230 -736917.00553 97.80000 2.22505e-07 2.39801e-02
218 -735848.26879 93.30000 4.22692e-07 4.20559e-02
227 -741502.28143 95.40000 7.14413e-07 6.51047e-02
231 -734025.89777 90.20000 5.77891e-07 5.53568e-02
218 -736362.90128 86.40000 3.73583e-07 3.64399e-02
205 -737982.24409 90.10000 2.40532e-07 2.50732e-02
198 -739133.43168 89.50000 4.00824e-07 4.21488e-02
213 -733953.96733 91.40000 5.93561e-07 5.59259e-02
209 -739042.30264 99.20000 1.23663e-07 1.68863e-02
204 -737526.12838 90.70000 4.63820e-07 4.48771e-02
225 -737001.99556 89.90000 5.84811e-07 5.74778e-02
235 -737778.64074 95.10000 4.99122e-07 4.57365e-02
200 -735774.88568 91.40000 2.38800e-07 2.61625e-02
202 -737149.20864 90.00000 5.48606e-07 5.70405e-02
227 -736378.06818 91.60000 2.69160e-07 2.77505e-02
227 -734224.96382 96.60000 2.29197e-07 2.48934e-02
206 -737086.82736 81.00000 3.98109e-07 3.80856e-02
206 -735781.54167 98.80000 1.31446e-07 1.66323e-02
209 -734804.97399 89.70000 6.62818e-07 6.58537e-02
213 -737940.01399 96.00000 4.18789e-07 4.07680e-02
217 -732645.17457 90.60000 4.70765e-07 4.63288e-02
198 -733703.31205 89.80000 2.22862e-07 2.49612e-02
205 -738316.85084 90.80000 3.99707e-07 3.81037e-02
235 -734046.59181 97.40000 2.40528e-07 2.58333e-02
201 -735280.57277 89.80000 3.96643e-07 4.19606e-02
211 -736264.05433 95.10000 3.30004e-07 3.63653e-02
196 -737176.01338 89.80000 2.02268e-07 2.27234e-02
218 -734258.89473 92.90000 2.52355e-07 2.66647e-02
226 -735619.17376 94.90000 2.48205e-07 2.71780e-02
222 -738009.22676 81.20000 8.30361e-07 7.67291e-02
191 -732815.39708 89.80000 3.69505e-07 3.86407e-02
202 -735368.21672 97.90000 1.73306e-07 2.12457e-02
205 -731096.58201 91.10000 3.09230e-07 2.98908e-02
206 -737370.13009 91.10000 5.05522e-07 4.75788e-02
207 -734399.98549 95.70000 7.27347e-07 7.07306e-02
209 -738248.69621 94.10000 4.41361e-07 4.15225e-02
207 -732481.51832 99.90000 1.17611e-07 1.64746e-02
199 -738450.60041 89.30000 6.91841e-07 6.59647e-02
217 -740059.17159 96.00000 2.49857e-07 2.69847e-02
203 -736281.61452 85.80000 3.78548e-07 3.61549e-02
220 -735421.94017 87.40000 4.12037e-07 4.00222e-02
192 -733306.12781 94.90000 3.73807e-07 3.62137e-02
220 -735197.58109 88.60000 6.39322e-07 5.85384e-02
205 -734689.85312 91.90000 2.13722e-07 2.31891e-02
202 -735157.87656 99.40000 1.26441e-07 1.62476e-02
219 -741700.59985 93.80000 4.82788e-07 4.80263e-02
192 -734903.13293 94.50000 7.48998e-07 7.11494e-02
195 -734045.70352 91.40000 3.82613e-07 3.73538e-02
207 -737246.69109 90.20000 3.36626e-07 3.19681e-02
183 -737867.57761 94.10000 2.37853e-07 2.62145e-02
193 -736180.35852 92.10000 6.13342e-07 5.50375e-02
214 -736559.84951 97.90000 6.46003e-07 6.33081e-02
224 -737757.35331 91.30000 3.33222e-07 3.29092e-02
206 -732899.60324 89.60000 3.81855e-07 4.02654e-02
208 -735455.71855 80.30000 6.26055e-07 6.10780e-02
205 -737352.29934 95.50000 5.01693e-07 4.93367e-02
197 -735216.25898 98.70000 1.39497e-07 1.81355e-02
201 -737294.87171 97.40000 1.67485e-07 2.01167e-02
196 -737201.18194 89.90000 4.84069e-07 4.49675e-02
197 -739060.15555 94.20000 4.60821e-07 4.92377e-02
192 -734133.40827 94.40000 4.53077e-07 4.75829e-02
190 -737312.18581 86.40000 5.51394e-07 5.35917e-02
219 -734031.01760 89.10000 7.70617e-07 7.42783e-02
198 -735540.24590 81.80000 6.17454e-07 5.64997e-02
201 -731588.49389 91.50000 3.20100e-07 3.21842e-02
213 -743352.07776 88.80000 8.17558e-07 7.38453e-02
220 -742736.80265 89.90000 3.06749e-07 3.18068e-02
193 -732056.07487 98.00000 2.02441e-07 2.32771e-02
181 -734766.22311 91.70000 7.22887e-07 7.47718e-02
207 -733414.97337 94.00000 3.49738e-07 3.33627e-02
204 -736310.47199 94.40000 4.04570e-07 3.82526e-02
190 -733711.26140 99.40000 1.75747e-07 2.09026e-02
190 -736326.63910 93.90000 3.35281e-07 3.32545e-02
199 -739547.25219 94.60000 5.94002e-07 5.79810e-02
220 -735629.01905 94.90000 1.72018e-07 1.94002e-02
198 -739784.49705 93.50000 1.84099e-07 2.21227e-02
190 -735221.14641 89.80000 6.85673e-07 6.05564e-02
195 -732448.50121 99.10000 1.35064e-07 1.73849e-02
205 -735456.44311 93.30000 5.91879e-07 5.16343e-02
193 -740995.81053 89.30000 4.90562e-07 4.85333e-02
184 -737718.28043 89.90000 6.10170e-07 5.89906e-02
191 -740399.76665 89.50000 7.82372e-07 7.45592e-02
211 -734921.26476 93.60000 3.60227e-07 3.50269e-02
205 -738415.61794 94.60000 2.43834e-07 2.61474e-02
188 -736648.27550 87.20000 6.45082e-07 6.65915e-02
201 -736758.21207 94.80000 5.05644e-07 5.05195e-02
197 -735558.02218 95.30000 4.36976e-07 4.40020e-02
199 -736349.99209 95.50000 3.05607e-07 3.28990e-02
203 -735658.57548 92.30000 2.75690e-07 2.78731e-02
191 -734553.55115 99.50000 1.24416e-07 1.63707e-02
204 -736804.71720 83.90000 6.93299e-07 6.65651e-02
218 -735638.01403 98.90000 1.81780e-07 2.16007e-02
200 -733547.40476 93.90000 4.12760e-07 4.01862e-02
215 -734764.18947 83.90000 7.94637e-07 7.26641e-02
224 -735975.60051 90.00000 9.89876e-07 8.10011e-02
197 -741149.93558 96.40000 7.15453e-07 6.04416e-02
194 -735965.85614 93.60000 2.20610e-07 2.39696e-02
202 -734339.31384 91.10000 6.76315e-07 6.65076e-02
220 -739054.59227 95.50000 2.24622e-07 2.48549e-02
227 -736684.13664 97.90000 2.04015e-07 2.38877e-02
206 -737414.15852 91.40000 2.86092e-07 2.86690e-02
222 -735262.70296 89.30000 5.72257e-07 6.00962e-02
212 -736187.43021 89.90000 2.21115e-07 2.40658e-02
190 -737344.17381 99.70000 1.18728e-07 1.57941e-02
210 -736058.83113 90.80000 8.66650e-07 7.80778e-02
204 -736710.31978 91.20000 9.00107e-07 8.79620e-02
190 -732498.56998 99.90000 1.05668e-07 1.41099e-02
211 -737355.58895 88.10000 5.17234e-07 4.66393e-02
202 -735637.46575 97.00000 4.34044e-07 4.40298e-02
228 -740343.38022 82.50000 3.68110e-07 3.56053e-02
197 -737692.95977 97.80000 1.69346e-07 2.01457e-02
222 -733920.56528 98.30000 1.64023e-07 1.93206e-02
185 -734899.60986 93.70000 2.10568e-07 2.26341e-02
211 -738169.56863 81.90000 9.23587e-07 8.49365e-02
203 -736663.10971 96.70000 4.15495e-07 4.13594e-02
186 -736709.35039 93.70000 1.63000e-07 1.96831e-02
183 -733607.85864 99.90000 1.07921e-07 1.55271e-02
200 -738666.96642 90.40000 2.81726e-07 2.88922e-02
226 -735776.17417 94.90000 5.51761e-07 4.99751e-02
203 -735569.78513 92.50000 1.63243e-07 1.94611e-02
203 -736424.44657 91.60000 4.53275e-07 4.70227e-02
197 -732931.24717 89.70000 5.64987e-07 5.58052e-02
208 -736385.96910 89.80000 7.27784e-07 6.36032e-02
181 -734460.44239 90.80000 6.45972e-07 6.51298e-02
220 -735942.42130 89.70000 3.66401e-07 3.64695e-02
201 -733255.81595 89.60000 2.37349e-07 2.63688e-02
200 -739351.42642 90.90000 4.59938e-07 4.68693e-02
207 -739766.20649 83.80000 5.75046e-07 5.61853e-02
192 -734366.85749 89.60000 3.79587e-07 3.86374e-02
185 -731709.26771 92.80000 6.46139e-07 6.28015e-02
223 -736945.80780 83.60000 4.32369e-07 4.63673e-02
199 -736002.38342 89.90000 9.29564e-07 8.31481e-02
223 -735332.70748 99.00000 1.54408e-07 2.01872e-02
204 -738652.90173 96.20000 2.25687e-07 2.36945e-02
191 -737521.36945 90.40000 4.72528e-07 4.99930e-02
190 -739941.06292 89.90000 4.16976e-07 4.31037e-02
197 -735764.97680 89.10000 3.26239e-07 3.28324e-02
196 -737301.37461 94.50000 1.92541e-07 2.20559e-02
196 -732806.05702 84.60000 3.58249e-07 3.48848e-02
206 -738039.29756 86.70000 5.70740e-07 5.52532e-02
204 -732253.76372 95.20000 2.13583e-07 2.44234e-02
189 -737521.02771 98.40000 2.57415e-07 2.74711e-02
183 -732611.91646 99.40000 1.21102e-07 1.58543e-02
194 -739101.59200 92.00000 3.94842e-07 3.80172e-02
183 -734577.19288 97.30000 1.52533e-07 1.85773e-02
209 -737731.00132 92.80000 6.14327e-07 5.71872e-02
190 -741804.51857 89.70000 8.25498e-07 7.93584e-02
194 -735170.26239 84.20000 8.18210e-07 7.62297e-02
200 -733155.81484 98.60000 2.55578e-07 2.62632e-02
209 -737255.29110 92.00000 3.45817e-07 3.46941e-02
194 -735203.71888 99.60000 1.26406e-07 1.73876e-02
237 -740961.98058 98.60000 1.99669e-07 2.21548e-02
197 -736833.14137 92.90000 7.49565e-07 7.23145e-02
202 -738823.59325 96.90000 6.54235e-07 6.29494e-02
214 -734770.04643 90.40000 8.58968e-07 8.13038e-02
209 -736671.46213 91.80000 3.63603e-07 3.60368e-02
190 -737558.38767 93.40000 4.26650e-07 4.21419e-02
175 -736268.86399 89.90000 2.01150e-07 2.22061e-02
203 -737072.51151 99.60000 1.43126e-07 1.81406e-02
197 -738233.39764 91.00000 5.77984e-07 5.48048e-02
178 -734795.50146 99.70000 1.01880e-07 1.45890e-02
190 -737738.24245 98.40000 7.98701e-07 7.67172e-02
209 -736242.44238 94.50000 3.29225e-07 3.67923e-02
209 -736109.06835 98.00000 2.03851e-07 2.33710e-02
175 -737939.77157 92.40000 4.89349e-07 4.95562e-02
214 -739944.99110 95.90000 3.49337e-07 3.35997e-02
193 -739372.90102 90.00000 6.06554e-07 5.76695e-02
189 -736395.51524 91.60000 2.71147e-07 2.77343e-02
207 -734550.58379 91.40000 7.73669e-07 7.39695e-02
203 -739059.47806 95.00000 6.05630e-07 5.11429e-02
209 -734089.30888 88.60000 4.26316e-07 4.18940e-02
195 -731397.98422 91.60000 3.26355e-07 3.34086e-02
197 -739055.57029 87.70000 5.40892e-07 5.40385e-02
207 -739441.34709 88.40000 3.79733e-07 3.70734e-02
204 -737725.69205 87.60000 6.00561e-07 5.28449e-02
182 -730434.74652 94.30000 1.65131e-07 1.93901e-02
198 -731570.89785 99.40000 1.43311e-07 1.89707e-02
194 -732991.11452 83.30000 7.68218e-07 7.80848e-02
186 -738136.99607 92.20000 2.43769e-07 2.53213e-02
196 -740282.87049 98.20000 1.31694e-07 1.69734e-02
211 -736898.93958 89.70000 4.83785e-07 4.90125e-02
212 -736277.73407 94.30000 8.57238e-07 8.32787e-02
212 -733709.83892 99.30000 1.63321e-07 1.99659e-02
223 -735963.43238 89.20000 4.78962e-07 4.44134e-02
202 -739478.50482 98.80000 2.10133e-07 2.36854e-02
205 -735802.91528 86.70000 7.16958e-07 6.90482e-02
216 -733286.74770 98.90000 1.59765e-07 1.99561e-02
179 -737222.36322 89.70000 5.47844e-07 5.06183e-02
183 -732791.25656 91.80000 3.91413e-07 3.92066e-02
210 -737084.18977 91.60000 3.57598e-07 3.73657e-02
206 -729665.81164 99.70000 1.39911e-07 1.83494e-02
216 -737980.01170 89.00000 4.65039e-07 4.50965e-02
205 -734149.91614 89.40000 3.88159e-07 4.07301e-02
179 -732802.08582 98.10000 1.29240e-07 1.67237e-02
205 -735331.22547 93.00000 5.21996e-07 4.70238e-02
196 -736614.23975 90.10000 3.45378e-07 3.60576e-02
179 -736733.27229 89.60000 7.57417e-07 7.57142e-02
198 -735580.17575 84.00000 3.18856e-07 3.01542e-02
199 -737134.09073 90.20000 4.53926e-07 4.72227e-02
216 -731776.78640 87.70000 3.44610e-07 3.35120e-02
208 -735979.10144 98.40000 1.91840e-07 2.16136e-02
200 -732648.87739 94.40000 2.09523e-07 2.30863e-02
204 -738213.25301 90.20000 3.15876e-07 3.25773e-02
211 -740714.74605 90.50000 5.44478e-07 4.94892e-02
192 -733286.27775 89.80000 5.02472e-07 4.63695e-02
204 -734212.55880 99.00000 1.56018e-07 1.95932e-02
204 -731104.31007 89.40000 9.11067e-07 8.35757e-02
196 -738570.05434 90.70000 7.86418e-07 7.37479e-02
191 -735494.80120 89.50000 8.33422e-07 8.00682e-02
213 -736684.07925 89.70000 5.92712e-07 5.96324e-02
212 -739118.49292 96.80000 3.87025e-07 3.79007e-02
204 -738725.97744 91.70000 4.02218e-07 4.23255e-02
199 -732729.55671 90.50000 6.16614e-07 5.75397e-02
221 -738645.90149 93.80000 4.95612e-07 4.34607e-02
190 -731673.37615 86.40000 4.95348e-07 4.93061e-02
197 -735896.59770 94.20000 7.72165e-07 7.09922e-02
211 -735778.99228 91.20000 3.29716e-07 3.43417e-02
195 -739769.39374 93.90000 6.92942e-07 6.30101e-02
207 -731863.23592 96.20000 5.86757e-07 5.31486e-02
184 -736515.67074 88.00000 6.71628e-07 6.33514e-02
188 -731078.79707 99.90000 1.30571e-07 1.71241e-02
181 -740914.22372 92.90000 3.14214e-07 3.32326e-02
215 -736723.75528 90.30000 5.64685e-07 6.06493e-02
196 -737112.39303 99.70000 1.48709e-07 1.84415e-02
196 -735822.92410 99.70000 1.31537e-07 1.65694e-02
189 -738063.76100 93.00000 3.46717e-07 3.30639e-02
207 -740348.69701 96.10000 2.07469e-07 2.32921e-02
189 -733751.48987 83.40000 4.68465e-07 4.50298e-02
202 -735560.65269 99.10000 1.50247e-07 1.89034e-02
206 -733573.27598 94.00000 2.79434e-07 2.98983e-02
185 -736799.47036 98.90000 1.44271e-07 1.79868e-02
218 -739283.36165 97.50000 2.65799e-07 2.56495e-02
182 -732455.60685 99.00000 1.26022e-07 1.58457e-02
199 -736290.70497 91.80000 8.06227e-07 7.63219e-02
192 -728496.66893 94.10000 8.69224e-07 7.57739e-02
204 -732412.12628 92.00000 5.28973e-07 5.07593e-02
212 -737075.81360 84.90000 6.80402e-07 6.06641e-02
222 -734376.08796 97.50000 4.40104e-07 4.20461e-02
201 -736111.79493 91.90000 1.00489e-06 9.14195e-02
204 -735241.97654 80.80000 4.00879e-07 3.72171e-02
195 -732628.92219 93.00000 2.53833e-07 2.70540e-02
208 -738011.77033 96.30000 3.39664e-07 3.40114e-02
212 -735587.97848 88.40000 6.65428e-07 6.26831e-02
199 -731226.93279 92.50000 2.53487e-07 2.66366e-02
220 -737263.53800 98.20000 1.53730e-07 1.92916e-02
222 -741335.25894 89.60000 3.43636e-07 3.35518e-02
195 -738992.71690 96.10000 4.25837e-07 4.11723e-02
213 -740729.04123 89.80000 7.91300e-07 7.71276e-02
212 -738393.36208 99.60000 1.44487e-07 1.77050e-02
177 -736345.46511 99.90000 9.53109e-08 1.37618e-02
209 -734652.96246 94.90000 6.81903e-07 6.46360e-02
202 -737602.70002 94.40000 2.66619e-07 2.57927e-02
201 -733472.91291 99.60000 1.48607e-07 1.82591e-02
200 -734668.58975 98.40000 1.46876e-07 1.90364e-02
180 -737454.47033 99.80000 1.05475e-07 1.46892e-02
185 -734187.56744 99.80000 1.12352e-07 1.57090e-02
184 -735462.41251 90.10000 6.73672e-07 6.41456e-02
216 -738169.58412 94.40000 6.44367e-07 5.69146e-02
221 -737479.42239 94.80000 4.19310e-07 4.56829e-02
221 -733967.69182 91.70000 7.57653e-07 6.75389e-02
227 -733810.91578 97.90000 1.79142e-07 2.11402e-02
196 -731340.65548 99.60000 1.16473e-07 1.56279e-02
203 -734478.62266 93.50000 9.29426e-07 9.21865e-02
230 -741232.05770 97.20000 2.11747e-07 2.36250e-02
225 -739948.50566 92.10000 4.09132e-07 3.60246e-02
184 -733241.62864 100.00000 1.08449e-07 1.51862e-02
212 -736878.26996 94.90000 3.41020e-07 3.48018e-02
202 -737459.08763 81.60000 2.88121e-07 2.94478e-02
211 -738772.71340 90.30000 3.36567e-07 3.27010e-02
217 -734694.10995 86.20000 5.48262e-07 5.81763e-02
201 -733911.71624 97.00000 6.19441e-07 5.98163e-02
195 -734138.27092 93.20000 4.39501e-07 4.53457e-02
211 -734702.96080 98.90000 1.76095e-07 2.03125e-02
195 -731442.39427 99.80000 1.25011e-07 1.64629e-02
191 -738833.83789 98.90000 1.22869e-07 1.64384e-02
207 -734129.37447 93.60000 3.85589e-07 3.85434e-02
223 -737278.35797 89.10000 5.81539e-07 4.96105e-02
202 -735503.36185 98.20000 1.65037e-07 2.01932e-02
218 -740751.85656 93.30000 6.03248e-07 5.67685e-02
188 -741410.33770 87.30000 3.64022e-07 3.40668e-02
205 -738215.03454 99.50000 1.39606e-07 1.77640e-02
196 -733464.17124 98.80000 1.28602e-07 1.67125e-02
189 -734385.30266 89.70000 2.94487e-07 2.96508e-02
219 -735246.42906 96.50000 2.40578e-07 2.53106e-02
212 -736897.07303 89.40000 4.95509e-07 4.89175e-02
222 -735209.76600 88.30000 4.66130e-07 4.59833e-02
220 -730722.40135 97.80000 3.12454e-07 2.91109e-02
215 -740450.92948 88.90000 7.57610e-07 6.89773e-02
213 -739911.06064 93.40000 2.58718e-07 2.70464e-02
188 -734519.53955 99.10000 1.32726e-07 1.75100e-02
213 -740558.14322 86.60000 6.15215e-07 5.42657e-02
190 -740153.22858 89.80000 5.45550e-07 5.37423e-02
214 -738668.13755 88.80000 3.72440e-07 3.52628e-02
207 -736802.37421 95.10000 8.21583e-07 7.91593e-02
207 -740161.06675 94.50000 8.98258e-07 8.35667e-02
189 -733833.32705 89.90000 3.53754e-07 4.13277e-02
200 -734219.66719 89.50000 3.16156e-07 3.26341e-02
201 -737216.38507 99.70000 1.63487e-07 2.01610e-02
202 -733608.04734 92.20000 2.14573e-07 2.39634e-02
193 -736004.23287 96.10000 3.82986e-07 3.61442e-02
194 -736499.72688 91.70000 8.67242e-07 7.87898e-02
185 -734111.60569 99.40000 1.13950e-07 1.55227e-02
195 -737568.98125 96.20000 3.88460e-07 3.59070e-02
199 -736818.80583 95.30000 3.15911e-07 3.36411e-02
210 -736872.36427 85.20000 5.79131e-07 5.01642e-02
199 -734448.46705 94.80000 6.63628e-07 6.11801e-02
195 -739111.05059 93.20000 5.08814e-07 4.70394e-02
201 -735058.73357 90.50000 6.29714e-07 6.22827e-02
219 -739805.70851 91.90000 4.30115e-07 3.92595e-02
191 -734964.32719 97.50000 1.54222e-07 1.93649e-02
209 -738311.67724 92.10000 3.87631e-07 4.22058e-02
202 -738794.37904 98.20000 1.49590e-07 1.77468e-02
209 -738848.70865 93.50000 3.07088e-07 3.25791e-02
204 -733633.94119 98.20000 5.32206e-07 4.85492e-02
209 -741406.14809 90.10000 2.42431e-07 2.64509e-02
207 -740678.57794 97.60000 1.33126e-07 1.75192e-02
198 -740537.34009 94.90000 7.31128e-07 6.88828e-02
192 -737263.67129 97.80000 7.08634e-07 6.37045e-02
201 -737916.39520 95.10000 4.64481e-07 4.60149e-02
211 -732322.01117 93.20000 5.82394e-07 5.17854e-02
207 -733809.54453 99.40000 1.60677e-07 1.96537e-02
200 -738089.17704 98.30000 1.63317e-07 2.00518e-02
220 -731100.56360 99.30000 1.80438e-07 2.08738e-02
222 -737644.98311 90.80000 7.12157e-07 5.72045e-02
217 -737201.09695 96.50000 2.50347e-07 2.67959e-02
189 -732598.97048 91.80000 3.96729e-07 4.09469e-02
193 -733509.14736 85.10000 6.97822e-07 6.27895e-02
211 -734986.05124 95.20000 2.08797e-07 2.36347e-02
224 -737451.36279 89.10000 4.60070e-07 4.39246e-02
216 -736638.54324 85.00000 5.00093e-07 4.21715e-02
198 -734344.73758 99.40000 1.34854e-07 1.71385e-02
204 -736557.50645 95.20000 1.52820e-07 1.89361e-02
190 -735672.35499 94.00000 1.94525e-07 2.14427e-02
204 -738121.99652 95.40000 3.02230e-07 3.07961e-02
204 -737777.02708 91.10000 5.97842e-07 6.08654e-02
193 -738701.63355 92.40000 2.44726e-07 2.72503e-02
202 -741395.90593 86.90000 3.35872e-07 3.20984e-02
210 -733734.30520 92.10000 6.33426e-07 6.06042e-02
197 -734711.43578 82.70000 4.82040e-07 4.75282e-02
181 -739072.56932 90.70000 1.74101e-07 1.98312e-02
220 -734264.33913 98.50000 2.22757e-07 2.46280e-02
209 -733853.98381 91.80000 4.16342e-07 3.69668e-02
199 -736417.42224 99.80000 1.36103e-07 1.74233e-02
202 -736723.72918 95.40000 6.95092e-07 6.75637e-02
217 -736880.79706 88.90000 2.66532e-07 2.84378e-02
196 -738427.45443 94.60000 6.69207e-07 6.28370e-02
181 -734665.02108 91.00000 2.38064e-07 2.42112e-02
199 -736484.13231 90.90000 2.82502e-07 2.89552e-02
209 -740082.45716 85.80000 4.50572e-07 4.66546e-02
207 -734904.15630 93.40000 2.25530e-07 2.54097e-02
207 -740656.11681 91.80000 3.90580e-07 3.75271e-02
209 -740357.51630 96.00000 1.52529e-07 1.86720e-02
175 -735138.47068 94.30000 3.73206e-07 4.03986e-02
